Last updated in testsensors.m script on 07-May-2014
site_id, year, ts5, ts20, ts50, vwc5, vwc20, vwc50 
305,2008,1,1,1,1,1,1
305,2009,0,0,0,0,0,1
305,2010,0,0,0,1,0,1
305,2011,0,0,0,0,0,1
306,1998,1,1,1,1,1,1
306,1999,1,1,1,1,1,1
306,2000,1,1,1,1,1,1
306,2001,1,1,1,1,1,1
306,2002,1,1,1,1,1,1
306,2003,1,1,1,1,1,1
306,2004,1,1,1,1,1,1
306,2005,0,0,0,0,0,0
306,2006,0,0,0,0,0,0
306,2007,0,0,0,0,0,0
306,2008,0,0,0,0,0,0
306,2009,0,0,0,0,0,0
306,2010,0,0,0,0,0,0
306,2011,0,0,0,0,0,0
310,2003,1,1,1,0,0,1
310,2004,1,1,1,0,0,1
310,2005,0,0,0,0,0,1
310,2006,0,0,0,0,0,1
310,2007,0,0,0,0,0,1
310,2008,0,0,0,0,0,1
310,2009,0,0,0,0,0,1
310,2010,0,0,0,0,0,1
310,2011,0,0,0,0,0,1
312,2008,0,0,0,0,0,0
312,2009,0,0,0,0,0,0
312,2010,0,0,0,0,0,0
312,2011,0,0,0,0,0,0
329,2005,0,0,0,0,0,0
329,2006,0,0,0,0,0,0
329,2007,0,0,0,0,0,0
329,2008,0,0,0,0,0,0
329,2009,0,0,0,0,0,0
329,2010,0,0,0,0,0,0
329,2011,0,0,0,0,0,0
330,2005,0,0,0,0,0,0
330,2006,0,0,0,0,0,0
330,2007,0,0,0,0,0,0
330,2008,0,0,0,0,0,0
330,2009,0,0,0,0,0,0
330,2010,0,0,0,0,0,0
330,2011,0,0,0,0,0,0
332,2003,0,0,0,0,0,0
332,2004,0,0,0,0,0,0
332,2005,0,0,0,0,0,0
332,2006,0,0,0,0,0,0
332,2007,0,0,0,0,0,0
332,2008,0,0,0,0,0,0
332,2009,0,0,0,0,0,0
332,2010,0,0,0,0,0,0
332,2011,0,0,0,0,0,0
333,2005,0,0,0,0,0,0
333,2006,0,0,0,0,0,0
333,2007,0,0,0,0,0,0
333,2008,0,0,0,0,0,0
333,2009,0,0,0,0,0,0
333,2010,0,0,0,0,0,0
333,2011,0,0,0,0,0,0
334,2005,1,1,1,1,1,1
334,2006,0,0,0,0,0,0
334,2007,0,0,0,0,0,0
334,2008,0,0,0,0,0,0
334,2009,0,0,0,0,0,0
334,2010,0,0,0,0,0,0
334,2011,0,0,0,0,0,0
335,2003,1,1,1,0,0,0
335,2004,1,1,1,0,0,0
335,2005,1,1,1,0,0,0
335,2006,1,1,1,0,0,0
335,2007,0,0,0,0,0,0
335,2008,0,0,0,0,0,0
335,2009,0,0,0,0,0,0
335,2010,0,0,0,0,0,0
335,2011,0,0,0,0,0,0
336,2006,0,0,0,0,0,0
336,2007,0,0,0,0,0,0
336,2008,0,0,0,0,0,0
336,2009,0,0,0,0,0,0
336,2010,0,0,0,0,0,0
336,2011,0,0,0,0,0,0
337,2004,0,0,0,0,0,0
337,2005,0,0,0,0,0,0
337,2006,0,0,0,0,0,0
337,2007,0,0,0,0,0,0
337,2008,0,0,0,0,0,0
337,2009,0,0,0,0,0,0
337,2010,0,0,0,0,0,0
337,2011,0,0,0,0,0,0
339,2003,0,0,0,0,0,0
339,2004,0,0,0,0,0,0
339,2005,0,0,0,0,0,0
339,2006,0,0,0,0,0,0
339,2007,0,0,0,0,0,0
339,2008,0,0,0,0,0,0
339,2009,0,0,0,0,0,0
339,2010,0,0,0,0,0,0
339,2011,0,1,0,0,1,0
340,2006,0,0,0,0,0,0
340,2007,0,0,0,0,0,0
340,2008,0,0,0,0,0,0
340,2009,0,0,0,0,0,0
340,2010,0,0,0,0,0,0
340,2011,0,0,0,0,0,0
342,2002,1,1,1,1,1,1
342,2003,0,0,0,1,0,1
342,2004,0,0,0,1,0,1
342,2005,0,0,0,0,0,1
342,2006,0,0,0,0,0,1
342,2007,0,0,0,0,0,1
342,2008,0,0,0,0,0,1
342,2009,0,0,0,0,0,1
342,2010,0,0,0,0,0,1
342,2011,0,0,0,0,0,1
347,2010,0,0,0,0,0,0
347,2011,0,0,0,0,0,0
348,2005,0,0,0,0,0,1
348,2006,0,0,0,0,0,1
348,2007,0,0,0,0,0,1
348,2008,0,0,0,0,0,1
348,2009,0,0,0,0,0,1
348,2010,0,0,0,0,0,1
348,2011,0,0,0,0,0,1
349,2008,0,0,0,0,0,1
349,2009,0,0,0,0,0,1
349,2010,0,0,0,0,0,1
349,2011,0,0,0,0,0,1
358,2009,0,0,0,0,0,0
358,2010,0,0,0,0,0,0
358,2011,0,0,0,0,0,0
364,2004,0,0,0,0,0,0
364,2005,0,0,0,0,0,0
364,2006,0,0,0,0,0,0
364,2007,0,0,0,0,0,0
364,2008,0,0,0,0,0,0
364,2009,0,0,0,0,0,0
364,2010,0,0,0,0,0,0
364,2011,0,0,0,0,0,0
366,2007,0,0,0,0,0,0
366,2008,0,0,0,0,0,0
366,2009,0,0,0,0,0,0
366,2010,0,0,0,0,0,0
366,2011,0,0,0,0,0,0
368,2004,0,0,0,0,0,0
368,2005,0,0,0,0,0,0
368,2006,0,0,0,0,0,0
368,2007,0,0,0,0,0,0
368,2008,0,0,0,0,0,0
368,2009,0,0,0,0,0,0
368,2010,0,0,0,0,0,0
368,2011,0,0,0,0,0,0
369,2004,0,0,0,1,1,1
369,2005,0,0,1,0,0,1
369,2006,0,0,0,0,0,1
369,2007,0,0,0,0,0,1
369,2008,1,1,1,1,1,1
369,2009,0,0,0,0,0,1
369,2010,0,0,1,0,0,1
369,2011,0,0,1,0,0,1
371,2003,0,0,0,0,0,0
371,2004,0,0,0,0,0,0
371,2005,0,0,0,0,0,0
371,2006,0,0,0,0,0,0
371,2007,0,0,0,0,0,0
371,2008,0,0,0,0,0,0
371,2009,0,0,0,0,0,0
371,2010,0,0,0,0,0,0
371,2011,0,0,0,0,0,0
373,2005,0,0,0,0,0,0
373,2006,0,0,0,0,0,0
373,2007,0,0,0,0,0,0
373,2008,0,0,0,1,1,1
373,2009,0,0,0,0,0,0
373,2010,0,0,0,0,0,0
373,2011,0,0,0,0,0,0
374,2004,0,0,0,0,0,0
374,2005,0,0,0,0,0,0
374,2006,0,0,0,0,0,0
374,2007,0,0,0,0,0,0
374,2008,0,0,0,0,0,0
374,2009,0,0,0,1,0,0
374,2010,0,0,0,1,0,0
374,2011,0,0,0,1,1,0
378,2003,1,1,1,1,1,1
378,2004,0,0,1,0,0,1
378,2005,0,0,1,0,0,1
378,2006,0,0,0,0,0,0
378,2007,0,0,0,0,0,0
378,2008,0,0,0,0,0,0
378,2009,0,0,0,0,0,0
378,2010,0,0,0,0,0,0
378,2011,0,0,0,0,0,0
380,2003,1,1,1,1,1,1
380,2004,1,1,1,1,1,1
380,2005,1,1,1,1,1,1
380,2006,0,0,1,0,0,0
380,2007,0,0,1,0,0,0
380,2008,0,0,1,0,0,0
380,2009,0,0,1,0,0,0
380,2010,0,0,1,0,0,0
380,2011,0,0,1,0,0,0
383,2003,0,0,0,0,0,0
383,2004,0,0,0,0,0,0
383,2005,0,0,0,0,0,0
383,2006,0,0,0,0,0,0
383,2007,0,0,0,0,0,0
383,2008,0,0,0,0,0,0
383,2009,0,0,0,0,0,0
383,2010,0,0,0,0,0,0
383,2011,0,0,0,0,0,0
387,2011,0,0,0,0,0,0
390,2003,0,0,0,0,0,0
390,2004,0,0,0,0,0,0
390,2005,0,0,0,0,0,0
390,2006,0,0,0,0,0,0
390,2007,0,0,0,0,0,0
390,2008,0,0,0,0,0,0
390,2009,0,0,0,0,0,0
390,2010,0,0,0,0,0,0
390,2011,0,0,0,0,0,0
392,2003,1,0,0,0,0,1
392,2004,0,0,0,0,0,0
392,2005,0,0,0,0,0,0
392,2006,1,1,1,1,1,1
392,2007,0,0,0,0,0,0
392,2008,0,0,0,0,0,0
392,2009,0,0,0,0,0,0
392,2010,0,0,0,0,0,0
392,2011,0,0,0,0,0,0
393,2003,0,0,0,0,0,0
393,2004,0,0,0,0,0,0
393,2005,0,0,0,0,0,0
393,2006,0,0,0,0,0,0
393,2007,0,0,0,0,0,0
393,2008,0,0,0,0,0,0
393,2009,0,0,0,0,0,0
393,2010,0,0,0,0,0,0
393,2011,0,0,0,0,0,0
396,2004,1,1,1,1,1,1
396,2005,0,1,0,0,0,0
396,2006,0,1,0,0,0,0
396,2007,0,0,0,0,0,0
396,2008,0,0,0,0,0,0
396,2009,0,0,0,0,0,0
396,2010,0,0,0,0,0,1
396,2011,0,0,0,0,0,0
399,2005,0,0,0,0,0,0
399,2006,0,0,0,0,0,0
399,2007,0,0,0,0,0,0
399,2008,1,0,0,0,0,0
399,2009,0,0,0,0,0,0
399,2010,0,0,0,0,0,0
399,2011,0,0,0,1,0,0
400,2004,1,1,1,1,1,1
400,2005,1,1,1,1,1,1
400,2006,0,0,0,0,0,0
400,2007,0,0,0,0,0,0
400,2008,0,0,0,0,0,0
400,2009,0,0,0,0,0,0
400,2010,0,0,0,0,0,0
400,2011,0,0,0,0,0,0
403,2010,0,0,0,1,1,1
403,2011,0,0,0,1,1,1
417,2005,0,0,0,0,0,0
417,2006,0,0,0,0,0,0
417,2007,0,0,0,0,0,0
417,2008,0,0,0,0,0,0
417,2009,0,0,0,0,0,0
417,2010,0,0,0,0,0,0
417,2011,0,0,0,0,0,0
424,2008,0,0,0,0,0,0
424,2009,0,0,0,0,0,0
424,2010,0,0,0,0,0,0
424,2011,0,0,0,0,0,0
430,2004,0,0,0,0,0,1
430,2005,1,1,1,1,1,1
430,2006,0,0,0,0,0,0
430,2007,0,0,0,0,0,0
430,2008,0,0,0,0,0,0
430,2009,0,0,0,0,0,0
430,2010,0,0,0,0,0,0
430,2011,0,0,0,0,0,0
432,2002,1,1,1,1,1,1
432,2003,0,0,0,0,0,0
432,2004,0,0,0,0,0,0
432,2005,0,0,0,0,0,0
432,2006,0,0,0,0,0,0
432,2007,0,0,0,0,0,0
432,2008,0,0,0,0,0,0
432,2009,0,0,0,0,0,0
432,2010,0,0,0,0,0,0
432,2011,0,0,0,0,0,0
435,2004,1,1,1,1,1,1
435,2005,1,1,1,1,1,1
435,2006,1,1,0,1,1,1
435,2007,1,1,0,1,1,1
435,2008,0,0,0,0,0,0
435,2009,0,0,0,0,0,0
435,2010,0,0,0,0,0,0
435,2011,0,0,0,0,0,0
443,2004,0,0,0,0,0,0
443,2005,0,0,0,0,0,0
443,2006,0,0,0,0,0,0
443,2007,0,0,0,0,0,0
443,2008,0,0,0,0,0,0
443,2009,0,0,0,0,0,0
443,2010,0,0,0,0,0,0
443,2011,0,0,0,0,0,0
444,2003,1,1,1,1,1,1
444,2004,0,0,0,0,0,0
444,2005,0,0,0,0,0,0
444,2006,0,0,0,0,0,0
444,2007,0,0,0,0,0,0
444,2008,0,0,0,0,0,0
444,2009,0,0,0,0,0,0
444,2010,0,0,0,0,0,0
444,2011,0,0,0,0,0,0
445,2005,0,1,1,0,1,1
445,2006,0,1,1,0,1,1
445,2007,0,0,0,0,0,0
445,2008,0,0,0,0,0,0
445,2009,0,0,0,0,0,0
445,2010,0,0,0,0,0,0
445,2011,0,0,0,0,0,0
448,2010,0,0,0,0,0,0
448,2011,0,0,0,0,0,0
452,2004,0,0,0,0,0,0
452,2005,0,0,0,0,0,0
452,2006,0,0,0,0,0,0
452,2007,0,0,0,0,0,0
452,2008,0,0,0,0,0,0
452,2009,0,0,0,0,0,0
452,2010,0,0,0,0,0,0
452,2011,0,0,0,0,0,0
453,2004,0,0,0,0,0,0
453,2005,0,0,0,0,0,0
453,2006,0,0,0,0,0,0
453,2007,0,0,0,0,0,0
453,2008,0,0,0,0,0,0
453,2009,0,0,0,0,0,0
453,2010,0,0,0,0,0,1
453,2011,0,0,0,0,0,1
454,2003,0,0,0,1,1,1
454,2004,0,0,0,0,0,0
454,2005,0,0,0,0,0,0
454,2006,1,0,0,0,0,0
454,2007,0,0,0,0,0,0
454,2008,0,0,0,0,0,0
454,2009,0,0,0,0,0,0
454,2010,0,0,0,0,0,0
454,2011,0,0,0,0,0,0
455,2003,1,1,1,1,1,1
455,2004,0,0,0,0,0,0
455,2005,0,0,0,0,0,0
455,2006,0,0,0,0,0,1
455,2007,0,0,0,0,0,0
455,2008,0,0,0,0,0,0
455,2009,0,0,0,0,0,0
455,2010,0,0,0,0,0,0
455,2011,0,0,0,0,0,0
457,2004,0,0,1,0,0,0
457,2005,0,0,0,0,0,0
457,2006,0,0,0,0,0,0
457,2007,0,0,0,0,0,0
457,2008,0,0,0,0,0,1
457,2009,0,0,0,0,0,1
457,2010,0,0,0,0,0,1
457,2011,0,0,0,0,0,1
461,2004,0,0,0,0,0,0
461,2005,0,0,0,0,0,0
461,2006,0,0,0,0,0,0
461,2007,0,0,0,0,0,0
461,2008,0,0,0,0,0,0
461,2009,0,0,0,0,0,0
461,2010,0,0,0,0,0,0
461,2011,0,0,0,0,0,0
474,2005,1,1,1,1,1,1
474,2006,1,1,1,1,1,1
474,2007,0,0,0,0,0,0
474,2008,0,0,0,0,0,0
474,2009,0,0,0,0,0,0
474,2010,0,0,0,0,0,0
474,2011,0,0,0,0,0,0
475,2003,0,0,0,0,0,0
475,2004,0,0,0,1,1,1
475,2005,1,1,1,1,1,1
475,2006,1,1,1,1,1,1
475,2007,0,0,0,0,0,0
475,2008,0,0,0,0,0,0
475,2009,0,0,0,0,0,0
475,2010,0,0,0,0,0,0
475,2011,0,0,0,0,0,0
476,2006,1,1,1,1,1,1
476,2007,0,0,0,0,0,0
476,2008,0,0,0,0,0,0
476,2009,0,0,0,0,0,0
476,2010,0,0,0,0,0,0
476,2011,0,0,0,0,0,0
481,2007,0,0,0,0,0,0
481,2008,0,0,0,0,0,0
481,2009,0,0,0,0,0,0
481,2010,0,0,0,0,0,0
481,2011,0,0,0,0,0,0
482,2001,0,0,0,0,0,0
482,2002,0,0,0,0,0,0
482,2003,0,0,0,0,0,0
482,2004,0,0,0,0,0,0
482,2005,0,0,0,0,0,0
482,2006,0,1,0,0,1,0
482,2007,0,0,0,0,0,0
482,2008,0,0,0,0,0,0
482,2009,0,0,0,0,0,0
482,2010,0,0,0,0,0,0
482,2011,0,0,0,0,0,0
484,2003,1,1,1,1,1,1
484,2004,0,0,1,0,0,1
484,2005,0,0,1,0,0,1
484,2006,1,1,1,1,1,1
484,2007,1,1,1,1,1,1
484,2008,0,0,0,1,0,0
484,2009,0,0,0,1,1,0
484,2010,0,0,0,1,1,0
484,2011,0,0,0,1,1,0
485,2011,0,0,0,0,0,0
490,2011,0,0,0,0,0,0
493,2005,0,1,0,0,0,1
493,2006,0,0,0,0,0,0
493,2007,0,0,0,0,0,0
493,2008,0,0,0,0,0,0
493,2009,0,0,0,0,0,0
493,2010,0,0,0,0,0,0
495,2003,1,1,1,1,1,1
495,2004,0,1,1,0,1,1
495,2005,0,0,0,0,0,0
495,2006,0,0,0,0,0,0
495,2007,0,0,0,0,0,0
495,2008,0,0,0,0,0,0
495,2009,0,0,0,0,0,0
495,2010,0,0,0,0,0,0
495,2011,0,0,0,0,0,1
498,2005,0,0,0,0,0,0
498,2006,0,1,1,1,1,1
498,2007,0,0,0,0,0,0
498,2008,0,0,0,0,0,0
498,2009,0,0,0,0,0,0
498,2010,0,0,0,0,0,0
498,2011,0,0,0,0,0,0
503,2004,1,0,1,1,0,1
503,2005,1,0,1,1,0,1
503,2006,1,0,1,1,0,1
503,2007,0,0,0,0,0,0
503,2008,0,0,0,0,0,0
503,2009,0,0,0,0,0,0
503,2010,0,0,0,0,0,0
503,2011,0,0,0,0,0,0
505,2009,1,1,1,1,1,1
505,2010,0,0,0,0,0,0
505,2011,0,0,0,0,0,0
514,2006,0,0,0,0,0,0
514,2007,0,0,0,0,0,0
514,2008,0,0,0,0,0,0
514,2009,0,0,0,0,0,0
514,2010,0,0,0,0,0,0
514,2011,0,0,0,0,0,0
517,2006,0,0,0,0,0,0
517,2007,0,0,0,0,0,0
517,2008,0,0,0,0,0,0
517,2009,0,0,0,0,0,0
517,2010,1,1,1,1,1,1
517,2011,0,0,0,0,0,0
521,2003,0,0,0,0,0,0
521,2004,0,0,0,0,0,0
521,2005,0,0,0,0,0,0
521,2006,0,1,0,0,1,0
521,2007,0,1,0,0,1,0
521,2008,0,0,0,0,0,0
521,2009,0,0,0,0,0,0
521,2010,0,0,0,0,0,0
521,2011,0,0,0,0,0,0
522,2006,0,0,0,0,0,0
522,2007,0,0,0,0,0,0
522,2008,0,0,0,0,0,0
522,2009,0,0,0,0,0,0
522,2010,0,0,0,0,0,0
522,2011,0,0,0,0,0,0
524,2005,0,0,0,0,0,1
524,2006,0,0,0,0,0,1
524,2007,0,0,0,0,0,1
524,2008,0,0,0,0,0,1
524,2009,0,0,0,0,0,0
524,2010,0,0,0,0,0,0
524,2011,0,0,0,0,0,0
527,2004,0,0,0,0,0,0
527,2005,0,0,0,0,0,0
527,2006,0,0,0,0,0,0
527,2007,0,0,0,0,0,0
527,2008,0,0,0,0,0,0
527,2009,0,0,0,0,0,0
527,2010,0,0,0,0,0,0
527,2011,0,0,0,0,0,0
528,2006,0,0,0,1,1,1
528,2007,0,0,0,1,1,1
528,2008,0,0,0,1,1,1
528,2009,0,0,0,1,1,1
528,2010,0,0,0,1,1,1
528,2011,0,0,0,1,1,1
531,2006,0,0,0,0,0,0
531,2007,0,0,0,0,0,0
531,2008,0,0,0,0,0,0
531,2009,0,0,0,0,0,0
531,2010,0,0,0,0,0,0
531,2011,0,0,0,0,0,0
533,2004,0,0,0,0,0,0
533,2005,0,0,0,0,0,0
533,2006,1,1,1,1,1,1
533,2007,0,0,0,0,0,0
533,2008,0,0,0,0,0,0
533,2009,0,0,0,0,0,0
533,2010,0,0,0,0,0,0
533,2011,0,0,0,0,0,0
537,2004,1,1,1,1,1,1
537,2005,0,1,0,0,0,0
537,2006,0,0,0,1,0,0
537,2007,0,0,0,1,0,0
537,2008,0,0,0,1,0,0
537,2009,0,0,0,1,0,0
537,2010,0,0,0,1,0,0
537,2011,0,0,0,1,0,0
543,2005,1,1,1,1,1,1
543,2006,1,1,1,1,1,1
543,2007,0,0,0,0,0,0
543,2008,0,0,0,0,0,0
543,2009,0,0,0,0,0,0
543,2010,0,0,0,0,0,0
543,2011,0,0,0,0,0,0
548,2006,0,0,0,0,0,0
548,2007,0,0,0,0,0,0
548,2008,0,0,0,0,0,0
548,2009,0,0,0,0,0,0
548,2010,0,0,0,0,0,0
548,2011,0,0,0,0,0,0
549,2006,0,0,0,1,0,0
549,2007,0,0,0,0,0,0
549,2008,0,0,0,0,0,0
549,2009,0,0,0,0,0,0
549,2010,0,0,0,0,0,0
549,2011,0,0,0,0,0,0
550,1998,0,0,0,1,1,1
550,1999,0,0,0,1,1,1
550,2000,0,0,0,1,1,1
550,2001,0,0,0,1,1,1
550,2002,0,0,0,1,1,1
550,2003,0,0,0,1,1,1
550,2004,0,0,0,1,1,1
550,2005,0,0,0,1,1,1
550,2006,0,0,0,1,1,1
550,2007,0,0,0,0,0,0
550,2008,0,0,0,0,0,0
550,2009,0,0,0,0,0,0
550,2010,0,0,0,0,0,0
550,2011,0,0,0,0,0,0
557,2004,0,0,0,1,1,1
557,2005,0,0,0,0,0,0
557,2006,0,0,0,0,0,0
557,2007,0,0,0,0,0,0
557,2008,0,0,0,0,0,0
557,2009,0,0,0,0,0,0
557,2010,0,0,0,0,0,0
557,2011,0,0,0,0,0,0
559,2003,0,0,0,0,0,0
559,2004,0,0,0,0,0,0
559,2005,0,0,0,0,0,0
559,2006,0,0,0,0,0,0
559,2007,0,0,0,0,0,0
559,2008,0,0,0,0,0,0
559,2009,0,0,0,1,1,0
559,2010,0,0,0,0,1,0
559,2011,0,0,0,0,1,0
561,2003,0,0,0,0,0,0
561,2004,0,0,0,0,0,0
561,2005,0,0,0,0,0,0
561,2006,1,1,1,1,1,1
561,2007,0,1,0,0,1,0
561,2008,0,0,0,0,0,0
561,2009,0,0,0,0,0,0
561,2010,0,0,0,0,0,0
561,2011,1,1,1,1,1,1
566,2003,1,1,1,1,1,1
566,2004,0,0,0,1,1,1
566,2005,0,0,0,1,1,1
566,2006,0,0,0,1,1,1
566,2007,0,0,0,0,0,0
566,2008,0,0,0,0,0,0
566,2009,0,0,0,0,0,0
566,2010,0,0,0,0,0,0
566,2011,0,0,0,1,1,1
567,2006,1,1,1,1,1,1
567,2007,0,0,0,1,0,0
567,2008,0,0,0,1,0,0
567,2009,0,0,0,1,0,0
567,2010,0,1,0,1,1,1
567,2011,0,1,0,1,1,1
568,2010,0,0,0,0,0,0
568,2011,0,0,0,0,0,0
569,2004,1,1,1,1,1,1
569,2005,0,0,0,0,0,0
569,2006,1,1,1,1,1,1
569,2007,0,0,0,0,0,0
569,2008,0,0,0,0,0,0
569,2009,0,0,0,0,0,0
569,2010,0,0,0,0,0,0
569,2011,0,0,0,0,0,0
570,2005,0,0,0,0,0,0
570,2006,0,0,0,0,0,0
570,2007,0,0,0,0,0,0
570,2008,0,0,0,0,0,0
570,2009,0,0,0,0,0,0
570,2010,0,0,0,0,0,0
570,2011,0,0,0,0,0,0
571,2002,1,1,1,1,1,1
571,2003,0,0,0,0,0,1
571,2004,0,0,1,0,0,1
571,2005,0,0,1,1,1,1
571,2006,0,0,0,0,0,0
571,2007,0,0,0,0,0,0
571,2008,0,0,0,0,0,0
571,2009,0,0,0,0,0,0
571,2010,0,0,0,0,0,0
571,2011,0,0,0,0,0,0
572,2003,0,0,0,0,0,0
572,2004,0,0,0,0,0,0
572,2005,0,0,0,0,0,0
572,2006,0,0,0,0,0,0
572,2007,0,0,0,0,0,0
572,2008,0,0,0,0,0,1
572,2009,0,0,0,0,0,1
572,2010,0,0,0,0,0,1
572,2011,0,0,0,0,0,1
573,2004,1,1,1,1,1,1
573,2005,0,0,0,1,1,1
573,2006,0,0,0,0,1,0
573,2007,0,0,0,0,1,0
573,2008,0,0,0,0,1,0
573,2009,0,0,0,0,1,0
573,2010,0,0,0,0,1,0
573,2011,0,0,0,0,1,0
577,2005,0,0,0,0,0,0
577,2006,0,0,0,0,0,0
577,2007,0,0,0,0,0,0
577,2008,0,0,0,0,0,0
577,2009,0,0,0,0,0,0
577,2010,0,0,0,0,0,0
577,2011,0,0,0,0,0,0
578,2009,0,0,0,0,0,1
578,2010,0,0,0,0,0,1
578,2011,0,0,0,0,0,1
579,2003,0,0,0,0,0,0
579,2004,0,0,0,0,0,0
579,2005,0,0,0,0,0,0
579,2006,0,0,0,0,0,0
579,2007,0,0,0,0,0,0
579,2008,0,0,0,1,0,0
579,2009,0,0,0,0,0,0
579,2010,0,0,0,0,0,0
579,2011,0,0,0,0,0,0
580,2003,1,1,1,1,1,1
580,2004,1,1,1,1,1,1
580,2005,1,1,1,1,1,1
580,2006,1,1,1,1,1,1
580,2008,1,1,1,1,1,1
580,2009,0,0,0,0,0,0
580,2010,0,0,0,0,0,0
580,2011,0,0,0,0,0,0
582,2004,0,0,0,0,0,0
582,2005,1,1,1,1,1,1
582,2006,0,0,1,0,0,1
582,2007,0,0,1,0,0,1
582,2008,0,0,0,1,1,0
582,2009,1,1,0,1,1,0
582,2010,1,0,0,1,0,0
582,2011,1,1,1,1,1,1
583,2003,0,0,0,1,0,0
583,2004,0,0,0,0,0,0
583,2005,0,0,0,0,1,0
583,2006,0,0,0,0,1,0
583,2007,0,0,0,0,1,0
583,2008,0,1,0,0,1,0
583,2009,0,0,0,0,1,1
583,2010,0,0,0,0,0,0
583,2011,0,0,0,0,0,0
586,2011,0,0,0,0,1,1
589,2004,0,0,0,0,0,1
589,2005,0,0,0,0,0,1
589,2006,0,0,0,0,0,0
589,2007,0,0,0,0,0,0
589,2008,0,0,0,0,0,0
589,2009,0,0,0,0,0,0
589,2010,0,0,0,0,0,0
589,2011,0,0,0,0,0,0
592,2006,0,0,0,0,0,0
592,2007,0,0,0,0,0,0
592,2008,0,0,0,0,1,0
592,2009,0,0,0,0,0,0
592,2010,0,0,0,0,0,0
592,2011,0,0,0,0,0,0
593,2005,0,0,0,0,0,0
593,2006,0,0,0,0,0,0
593,2007,0,0,0,0,0,0
593,2008,0,0,0,0,0,0
593,2009,0,0,0,0,0,0
593,2010,0,0,0,0,0,0
593,2011,0,0,0,0,0,0
594,2007,0,0,0,0,0,0
594,2008,0,0,0,0,0,0
594,2009,0,0,0,1,0,0
594,2010,0,0,0,0,0,0
594,2011,0,0,0,0,0,0
596,2005,1,1,1,1,1,1
596,2006,1,1,1,1,1,1
596,2007,0,0,0,0,0,0
596,2008,0,0,0,0,0,0
596,2009,0,0,0,0,0,0
596,2010,0,0,0,0,0,0
596,2011,0,0,0,0,0,0
607,2003,1,1,1,1,1,1
607,2004,1,1,1,1,0,0
607,2005,1,1,1,0,0,0
607,2006,1,1,1,0,0,0
607,2007,0,0,0,0,0,0
607,2008,0,0,0,0,0,0
607,2009,0,0,0,0,0,0
607,2010,0,0,0,0,0,0
607,2011,0,0,0,0,0,0
610,2005,0,0,0,0,0,0
610,2006,0,0,0,0,0,0
610,2007,0,0,0,0,0,0
610,2008,0,0,0,0,0,0
610,2009,0,0,0,0,0,0
610,2010,0,0,0,0,0,0
610,2011,0,0,0,0,0,0
612,2004,1,1,1,1,1,1
612,2005,1,1,1,1,1,1
612,2006,1,1,1,1,1,1
612,2007,1,1,1,0,1,0
612,2008,0,0,0,0,0,0
612,2009,0,0,0,0,0,0
612,2010,0,0,0,0,0,0
612,2011,0,0,0,0,0,0
613,2001,0,0,0,0,0,0
613,2002,0,0,0,0,0,0
613,2003,0,0,0,0,0,0
613,2004,0,0,0,0,0,0
613,2005,0,0,0,0,0,0
613,2006,1,1,1,0,1,0
613,2007,0,0,0,0,0,0
613,2008,0,1,0,0,1,0
613,2009,0,0,0,0,0,0
613,2010,0,0,0,0,0,0
613,2011,0,0,0,0,0,0
615,2004,0,0,0,0,0,0
615,2005,0,0,0,0,0,0
615,2006,0,0,0,0,0,0
615,2007,0,0,0,0,0,0
615,2008,0,0,0,0,0,0
615,2009,0,0,0,0,0,0
615,2010,0,0,0,0,0,0
615,2011,0,0,0,0,0,0
621,2004,0,0,0,0,0,1
621,2005,0,0,0,0,0,1
621,2006,0,0,0,0,0,1
621,2007,0,0,0,0,0,1
621,2008,0,0,0,0,0,1
621,2009,0,0,0,0,0,1
621,2010,0,0,0,0,0,1
621,2011,0,0,0,1,1,1
623,2008,0,0,0,0,0,0
623,2009,0,0,0,0,0,0
623,2010,0,0,0,0,0,0
623,2011,0,0,0,0,0,0
626,2003,0,0,0,0,0,0
626,2004,0,0,0,0,0,0
626,2005,0,0,0,0,0,0
626,2006,0,0,0,0,0,0
626,2007,0,0,0,0,0,0
626,2008,0,0,0,0,0,0
626,2009,0,0,0,0,0,0
626,2010,0,0,0,0,0,0
626,2011,0,1,0,0,1,0
628,2005,0,0,0,1,1,1
628,2006,1,1,1,1,1,1
628,2007,0,0,0,0,0,0
628,2008,0,0,0,0,0,0
628,2009,0,0,0,0,0,0
628,2010,0,0,0,0,0,0
628,2011,0,0,0,0,0,0
631,2003,0,0,0,0,0,0
631,2004,0,0,0,0,0,0
631,2005,0,0,0,0,0,0
631,2006,1,1,1,1,1,1
631,2007,0,0,0,0,0,0
631,2008,0,0,0,0,0,0
631,2009,0,0,0,0,0,0
631,2010,0,0,0,0,0,0
631,2011,0,0,0,0,0,0
634,2004,0,0,0,0,0,0
634,2005,0,0,0,0,0,0
634,2006,0,0,0,0,0,0
634,2007,0,0,0,0,0,0
634,2008,0,0,0,0,0,0
634,2009,0,0,0,0,0,0
634,2010,0,0,0,0,0,0
634,2011,0,0,0,1,1,0
643,2002,0,1,1,1,1,1
643,2003,0,0,0,0,0,0
643,2004,0,0,0,0,0,0
643,2005,1,1,1,1,1,1
643,2006,0,0,0,0,0,0
643,2007,0,0,0,0,0,0
643,2008,0,0,0,0,0,0
643,2009,0,0,0,0,0,0
643,2010,0,0,0,0,0,0
643,2011,0,0,0,0,0,0
645,2011,0,0,0,0,0,0
649,2008,0,0,0,0,0,0
649,2009,0,0,0,0,0,0
649,2010,0,0,0,0,0,0
649,2011,0,0,0,0,0,0
652,2007,0,0,0,1,0,0
652,2008,0,0,0,1,0,0
652,2009,0,0,0,1,0,0
652,2010,0,0,0,1,0,0
652,2011,0,0,0,1,1,1
654,2005,0,0,0,0,0,0
654,2006,0,0,0,0,0,1
654,2007,0,0,0,0,0,1
654,2008,0,0,0,0,0,1
654,2009,0,0,0,0,0,1
654,2010,0,0,0,0,0,1
654,2011,0,0,0,0,0,0
674,2005,1,0,0,1,1,1
674,2006,1,0,0,1,1,1
674,2007,0,0,0,0,0,0
674,2008,0,0,0,0,0,1
674,2009,0,0,0,0,0,1
674,2010,0,0,0,0,1,1
674,2011,0,0,1,0,0,1
680,2003,0,0,0,1,1,1
680,2004,0,0,0,1,0,0
680,2005,0,0,0,0,0,1
680,2006,0,1,1,0,0,0
680,2007,0,0,0,0,0,0
680,2008,1,0,0,1,0,0
680,2009,0,0,0,0,0,0
680,2010,0,0,0,0,0,0
680,2011,0,0,0,0,0,0
682,2011,0,0,0,1,1,1
684,2003,1,1,1,1,1,1
684,2004,1,1,1,1,1,1
684,2005,0,0,0,0,0,0
684,2006,0,0,0,0,0,0
684,2007,0,0,0,0,0,0
684,2008,0,0,0,0,0,0
684,2009,0,0,0,0,0,0
684,2010,0,0,0,0,0,0
684,2011,0,0,0,0,0,0
686,2002,1,1,1,1,1,1
686,2003,0,0,0,0,0,0
686,2004,0,0,0,0,0,0
686,2005,0,0,0,0,1,0
686,2006,1,1,1,0,1,1
686,2007,0,0,0,0,1,1
686,2008,0,0,0,0,0,0
686,2009,0,0,0,0,0,0
686,2010,0,0,0,0,0,0
686,2011,0,0,0,0,0,0
688,2011,1,1,1,1,1,1
691,2004,0,0,0,0,0,0
691,2005,0,0,0,0,0,0
691,2006,0,0,0,0,0,0
691,2007,0,0,0,0,0,0
691,2008,0,0,0,0,0,0
691,2009,0,0,0,0,0,0
691,2010,0,0,0,0,0,0
691,2011,0,0,0,0,0,0
694,2006,0,0,0,0,1,0
694,2007,0,0,0,0,0,0
694,2008,0,0,0,0,0,0
694,2009,0,0,0,0,0,0
694,2010,0,0,0,0,0,0
694,2011,0,0,0,0,0,0
698,2006,0,0,0,0,0,0
698,2007,0,0,0,0,0,0
698,2008,0,0,0,0,0,0
698,2009,0,0,0,0,0,0
698,2010,0,0,0,0,0,0
698,2011,0,0,0,0,0,0
701,2011,0,0,0,0,0,0
714,2005,0,0,0,0,1,1
714,2006,0,0,1,0,1,1
714,2007,1,1,1,1,1,1
714,2008,0,0,0,0,0,0
714,2009,0,0,0,0,0,0
714,2010,0,0,0,0,0,0
714,2011,0,0,0,0,0,0
715,2003,0,0,0,0,1,1
715,2004,1,0,0,0,1,1
715,2005,0,0,0,0,0,0
715,2006,0,0,0,0,0,0
715,2007,0,0,0,0,0,0
715,2008,0,0,0,0,0,0
715,2009,0,0,0,0,0,0
715,2010,0,0,0,0,0,0
715,2011,0,0,0,0,0,0
720,2006,0,0,0,0,0,1
720,2007,0,0,0,0,0,0
720,2008,0,0,0,0,0,0
720,2009,0,0,0,0,0,0
720,2010,0,0,0,0,0,1
720,2011,0,0,0,0,0,1
723,2004,1,1,1,1,1,1
723,2005,0,0,1,0,0,1
723,2006,0,0,1,0,0,1
723,2007,0,0,0,0,0,0
723,2008,0,0,0,0,0,0
723,2009,0,0,0,0,0,0
723,2010,0,0,0,0,0,0
723,2011,0,1,0,0,0,0
735,2011,0,0,0,0,0,0
737,2011,0,0,0,1,1,0
742,2006,0,0,1,1,1,1
742,2007,0,1,0,1,1,1
742,2008,1,1,0,0,1,0
742,2009,1,1,0,0,0,0
742,2010,1,1,0,0,0,0
742,2011,1,1,0,0,0,0
746,2007,0,0,0,0,0,0
746,2008,0,0,0,0,0,0
746,2009,0,0,0,0,0,0
746,2010,0,0,0,0,0,0
746,2011,0,0,0,0,0,0
747,2005,0,0,0,0,0,0
747,2006,0,0,0,0,0,0
747,2007,0,0,0,0,0,0
747,2008,0,0,0,0,0,0
747,2009,0,0,0,0,0,0
747,2010,0,0,0,0,0,0
747,2011,0,0,0,0,0,0
749,2007,0,0,0,0,0,0
749,2008,0,0,0,0,0,0
749,2009,0,0,0,0,0,0
749,2010,0,0,0,0,0,0
749,2011,0,0,0,0,0,0
750,1997,0,0,0,1,0,0
750,1998,0,0,0,0,0,0
750,1999,0,0,0,0,0,0
750,2000,1,1,1,1,1,1
750,2001,1,1,1,1,1,1
750,2002,1,1,1,1,1,1
750,2003,1,1,1,1,1,1
750,2004,1,1,1,1,1,1
750,2005,1,1,1,1,1,1
750,2006,1,1,1,1,1,1
750,2007,1,1,1,1,1,1
750,2008,1,1,1,1,1,1
750,2009,0,0,0,0,0,0
750,2010,0,0,0,0,0,0
750,2011,0,0,0,0,0,0
762,2004,1,1,1,1,1,1
762,2005,1,1,1,1,1,1
762,2006,1,1,1,1,1,1
762,2007,0,0,0,0,0,0
762,2008,0,0,0,0,0,0
762,2009,0,0,0,0,0,0
762,2010,0,0,0,0,0,0
762,2011,0,0,0,0,0,0
763,2003,1,1,0,1,1,0
763,2004,1,1,0,1,1,0
763,2005,1,1,0,0,0,0
763,2006,1,1,0,0,0,0
763,2007,0,0,0,1,0,0
763,2008,0,0,0,1,0,0
763,2009,0,0,0,1,0,0
763,2010,0,0,0,1,1,0
763,2011,0,0,0,1,1,0
766,2007,0,1,1,1,0,0
766,2008,0,0,0,0,0,0
766,2009,0,0,0,0,0,0
766,2010,0,0,0,0,0,0
766,2011,0,0,0,0,0,0
770,2006,0,0,0,0,0,0
770,2007,0,0,0,0,0,0
770,2008,0,0,0,0,0,0
770,2009,0,0,0,0,0,0
770,2010,0,0,0,0,0,0
770,2011,0,0,0,0,0,0
774,2007,0,0,0,0,0,0
774,2008,0,0,0,0,0,0
774,2009,0,0,0,0,0,0
774,2010,0,0,0,0,0,0
774,2011,0,0,0,0,0,0
781,2011,0,0,0,0,0,1
783,2008,0,0,0,0,1,0
783,2009,0,1,1,0,1,1
783,2010,0,1,1,0,1,1
783,2011,0,1,1,0,1,0
790,2003,0,0,0,0,0,0
790,2004,0,0,0,0,0,0
790,2005,0,0,0,0,0,0
790,2006,0,0,0,0,0,0
790,2007,0,0,0,0,0,0
790,2008,0,0,0,0,0,0
790,2009,0,0,0,0,0,0
790,2010,0,0,0,0,0,0
790,2011,1,0,0,1,0,0
795,2003,1,1,1,1,1,1
795,2004,0,0,0,0,0,0
795,2005,0,0,0,0,0,0
795,2006,0,0,0,0,0,0
795,2007,0,0,0,0,0,0
795,2008,0,0,0,0,0,0
795,2009,0,0,0,0,0,0
795,2010,0,0,0,0,0,0
795,2011,0,0,0,0,0,0
798,2009,0,0,0,0,0,0
798,2010,0,0,0,0,0,0
798,2011,1,0,1,1,0,1
802,2004,1,1,1,1,1,1
802,2005,0,0,0,0,0,0
802,2006,1,1,1,1,1,1
802,2007,1,1,1,1,1,1
802,2008,0,0,0,0,0,0
802,2009,0,0,0,0,0,0
802,2010,0,0,0,0,0,0
802,2011,0,0,0,0,0,0
805,2008,1,0,0,0,0,0
805,2009,1,1,1,1,1,1
805,2010,1,0,0,0,0,0
805,2011,0,0,0,0,0,0
811,2005,0,0,0,0,1,1
811,2006,0,0,0,0,1,1
811,2007,0,0,0,0,1,1
811,2008,0,0,0,0,0,0
811,2009,0,0,0,0,0,0
811,2010,0,0,0,0,0,0
811,2011,0,0,0,0,0,0
814,2005,0,0,0,0,0,0
814,2006,0,0,0,0,0,0
814,2007,0,0,0,0,0,0
814,2008,0,0,0,0,0,0
814,2009,0,0,0,0,0,0
814,2010,0,0,0,0,0,0
814,2011,0,0,0,0,0,0
820,2005,1,1,1,1,1,1
820,2006,0,0,0,0,0,1
820,2007,0,0,0,0,0,0
820,2008,0,0,0,0,0,0
820,2009,0,0,0,0,0,0
820,2010,0,0,0,0,0,0
820,2011,0,0,0,0,0,0
822,2003,0,0,0,0,1,0
822,2004,0,1,0,1,1,1
822,2005,0,0,0,0,0,0
822,2006,0,0,0,0,0,0
822,2007,0,0,0,0,0,0
822,2008,0,0,0,0,0,0
822,2009,0,0,0,0,0,0
822,2010,0,0,0,0,0,0
822,2011,0,0,0,0,0,0
823,2007,0,0,0,0,0,0
823,2008,0,0,0,0,0,0
823,2009,0,0,0,0,0,0
823,2010,0,0,0,0,0,0
823,2011,0,0,0,0,0,0
826,2011,0,0,0,0,0,0
828,2003,0,0,0,1,0,0
828,2004,0,0,0,0,0,1
828,2005,0,0,0,0,0,1
828,2006,0,0,0,0,0,1
828,2007,0,0,0,0,0,1
828,2008,0,0,0,0,0,1
828,2009,0,0,0,0,0,1
828,2010,0,0,0,0,0,1
828,2011,0,0,0,0,0,1
833,2005,0,0,0,1,1,1
833,2006,0,0,0,0,0,0
833,2007,0,0,0,0,0,0
833,2008,0,0,0,0,0,0
833,2009,0,0,0,0,0,0
833,2010,0,0,0,0,0,0
833,2011,0,0,0,0,0,0
839,2004,1,1,1,1,1,1
839,2005,0,0,0,1,1,1
839,2006,0,0,0,0,0,0
839,2007,0,0,0,0,0,0
839,2008,0,0,0,0,0,0
839,2009,0,0,0,0,0,0
839,2010,0,0,0,0,0,0
839,2011,0,0,0,0,0,1
840,2004,0,0,0,0,0,0
840,2005,0,0,0,0,0,0
840,2006,0,0,0,0,0,0
840,2007,0,0,0,0,0,0
840,2008,0,0,0,0,0,0
840,2009,0,0,0,0,0,0
840,2010,0,0,0,0,0,0
840,2011,0,0,0,0,1,0
844,2005,0,0,0,0,0,1
844,2006,0,0,0,1,1,1
844,2007,0,0,0,0,0,1
844,2008,0,0,0,0,0,1
844,2009,0,0,0,0,0,1
844,2010,0,0,0,0,0,1
844,2011,0,0,0,0,0,1
849,2006,0,0,0,0,0,0
849,2007,0,0,0,0,0,0
849,2008,0,0,0,0,0,0
849,2009,0,0,0,0,0,0
849,2010,0,0,0,0,0,0
849,2011,0,0,0,0,0,0
853,2003,0,0,0,0,0,0
853,2004,0,0,0,0,0,0
853,2005,0,0,0,0,0,0
853,2006,0,0,0,0,0,1
853,2007,0,0,0,1,1,1
853,2008,0,1,0,1,1,0
853,2009,0,0,0,0,0,0
853,2010,0,0,0,0,0,0
853,2011,0,0,0,0,0,0
857,2003,0,1,1,0,0,0
857,2004,1,1,1,1,0,0
857,2005,0,0,0,1,0,1
857,2006,0,1,1,0,1,1
857,2007,0,1,1,0,1,1
857,2008,0,0,0,0,0,0
857,2009,0,0,0,0,0,0
857,2010,0,0,0,0,0,0
857,2011,0,0,0,0,0,0
861,2003,1,1,1,0,0,0
861,2004,1,1,1,0,0,0
861,2005,1,1,1,0,0,0
861,2006,1,1,1,0,0,0
862,2009,0,0,0,0,0,0
862,2010,0,0,0,0,1,0
862,2011,0,0,0,0,1,0
864,2004,0,0,0,0,0,0
864,2005,0,0,0,0,0,0
864,2006,0,0,0,0,0,0
864,2007,0,0,0,0,0,0
864,2008,0,0,0,0,0,0
864,2009,0,0,0,0,0,0
864,2010,0,0,0,0,0,0
864,2011,0,0,0,0,0,0
865,2004,0,0,0,0,0,0
865,2005,0,0,0,0,0,0
865,2006,0,0,0,0,0,0
865,2007,0,0,0,1,1,1
865,2008,0,0,0,1,0,0
865,2009,0,0,0,0,0,0
865,2010,0,0,0,0,0,0
865,2011,0,0,0,1,0,0
871,2004,1,1,1,1,1,1
871,2005,0,0,0,0,1,0
871,2006,0,0,0,0,1,0
871,2007,0,0,0,0,1,0
871,2008,0,0,0,0,1,0
871,2009,0,0,0,0,1,0
871,2010,0,0,0,0,1,0
871,2011,0,0,0,0,1,0
872,2004,1,1,1,1,1,1
872,2005,0,0,0,1,1,1
872,2006,0,0,0,0,0,1
872,2007,0,0,0,0,0,1
872,2008,0,0,0,0,0,0
872,2009,0,0,0,0,0,0
872,2010,0,0,0,0,0,0
872,2011,0,0,0,0,0,0
874,2004,1,1,1,1,1,1
874,2005,1,1,1,0,1,1
874,2006,0,0,0,0,0,0
874,2007,0,0,0,0,0,0
874,2008,0,0,0,0,0,0
874,2009,0,0,0,0,0,0
874,2010,0,0,0,0,0,0
874,2011,0,0,0,0,0,0
895,2004,0,0,1,0,1,1
895,2005,0,0,0,0,1,1
895,2006,0,0,0,0,0,0
895,2007,0,0,0,0,0,0
895,2008,0,0,0,0,0,0
895,2009,0,0,0,0,0,0
895,2010,0,0,0,0,0,0
895,2011,0,0,0,0,0,0
896,2001,0,0,0,0,0,1
896,2002,0,0,0,0,0,1
896,2003,0,0,0,0,0,1
896,2004,1,1,0,1,1,1
896,2005,0,1,1,1,1,1
896,2006,0,0,1,1,1,1
896,2007,0,0,0,0,0,0
896,2008,0,0,0,0,0,0
896,2009,0,0,0,0,0,0
896,2010,0,0,0,0,0,0
896,2011,0,0,0,0,0,0
903,2008,0,0,0,0,0,0
903,2009,0,0,0,0,0,0
903,2010,0,0,0,0,0,0
903,2011,0,0,0,0,0,0
906,2005,1,1,1,1,1,1
906,2006,1,1,1,1,1,1
906,2007,0,0,0,0,0,0
906,2008,0,0,0,0,0,0
906,2009,0,0,0,0,0,0
906,2010,0,0,0,0,0,0
906,2011,0,0,0,0,0,0
907,2007,0,0,0,0,0,0
907,2008,0,0,0,0,0,0
907,2009,0,0,0,0,0,0
907,2010,0,0,0,0,0,0
907,2011,0,0,0,0,0,0
914,2011,0,0,0,0,0,0
924,2008,0,0,0,0,0,0
924,2009,0,1,0,0,1,0
924,2010,0,1,0,0,1,0
924,2011,0,0,0,0,0,0
926,2002,1,1,0,1,1,0
926,2003,1,1,1,1,1,1
926,2004,0,0,0,0,0,0
926,2005,0,0,0,0,0,0
926,2006,0,0,0,0,0,0
926,2007,0,0,0,0,0,0
926,2008,0,0,0,0,0,0
926,2009,0,0,0,0,0,0
926,2010,0,0,0,0,0,0
926,2011,0,0,0,0,0,0
931,2003,0,1,1,0,1,1
931,2004,0,1,1,0,1,1
931,2005,0,1,1,1,1,1
931,2006,1,0,0,1,0,0
931,2007,0,0,0,0,0,0
931,2008,0,0,0,0,0,0
931,2009,0,0,0,0,0,0
931,2010,0,0,0,0,0,0
931,2011,0,0,0,0,0,0
935,2006,0,0,0,0,0,0
935,2007,0,0,0,0,0,0
935,2008,0,0,0,0,0,0
935,2009,0,0,0,0,0,0
935,2010,0,0,0,0,0,0
935,2011,0,0,0,0,0,0
937,2006,0,0,0,0,0,0
937,2007,0,0,0,0,0,0
937,2008,0,0,0,0,0,0
937,2009,0,0,0,0,0,0
937,2010,0,0,0,0,0,0
937,2011,0,0,0,0,0,0
938,2006,0,0,0,0,0,0
938,2007,0,0,0,0,0,0
938,2008,0,0,0,0,0,0
938,2009,0,0,0,0,0,0
938,2010,0,0,0,0,0,0
938,2011,0,0,0,0,0,0
939,2006,0,1,1,0,1,1
939,2007,0,0,0,0,0,0
939,2008,0,0,0,0,0,0
939,2009,0,0,0,0,0,0
939,2010,0,0,0,0,0,0
939,2011,0,0,0,0,0,0
940,2000,0,0,0,1,1,1
940,2001,0,0,0,1,1,1
940,2002,0,0,0,1,1,1
940,2003,1,1,1,1,1,1
940,2004,1,1,1,1,1,1
940,2005,1,1,1,1,1,1
940,2007,1,1,1,0,1,1
940,2008,1,1,1,1,0,0
940,2009,1,1,1,0,0,0
940,2010,1,1,1,0,0,0
940,2011,1,1,1,0,0,0
969,2002,1,1,1,1,1,1
969,2003,1,1,1,1,1,1
969,2004,1,1,1,1,1,1
969,2005,1,1,1,1,1,1
969,2006,1,1,1,1,1,1
969,2007,1,1,1,1,1,1
969,2008,1,1,1,1,1,1
969,2009,0,0,0,0,0,0
969,2010,0,0,0,0,0,0
969,2011,0,0,0,0,0,0
971,2000,1,1,0,1,1,0
971,2001,1,1,0,0,1,0
971,2002,0,1,0,0,1,0
971,2003,0,1,0,0,1,0
971,2004,0,1,0,0,1,0
971,2005,0,0,0,0,0,0
971,2006,0,0,0,0,0,0
971,2007,0,0,0,0,0,0
971,2008,0,0,0,0,0,0
971,2009,0,0,0,0,0,0
971,2010,0,0,0,0,0,0
971,2011,0,0,0,0,0,0
972,2000,0,0,0,0,0,0
972,2001,1,0,0,1,0,0
972,2002,0,0,0,0,0,0
972,2003,0,0,0,0,0,0
972,2004,0,0,0,0,0,0
972,2005,0,0,0,0,0,0
972,2006,0,0,0,0,0,0
972,2007,0,0,0,0,0,0
972,2008,0,0,0,0,0,0
972,2009,0,0,0,0,0,0
972,2010,0,0,0,0,0,0
972,2011,0,0,0,0,0,0
978,2000,0,1,1,0,1,1
978,2001,0,1,1,0,1,1
978,2002,0,1,1,0,1,1
978,2003,0,1,1,0,1,1
978,2004,0,1,1,0,1,1
978,2005,0,1,1,0,1,1
978,2006,0,0,0,0,0,0
978,2007,0,0,0,0,0,0
978,2008,0,0,0,0,0,0
978,2009,0,0,0,0,0,0
978,2010,0,0,0,0,0,0
978,2011,0,0,0,0,0,0
979,2002,1,0,0,0,1,0
979,2003,1,0,0,0,1,0
979,2004,1,1,0,0,1,0
979,2005,1,1,0,0,0,0
979,2006,1,1,0,0,0,0
979,2007,1,1,0,0,0,0
979,2008,1,1,0,0,0,0
979,2009,1,1,0,0,0,0
979,2010,1,1,0,0,0,0
979,2011,1,1,0,0,0,0
983,2004,0,0,0,0,0,0
983,2005,0,0,0,0,0,0
983,2006,0,0,0,0,0,0
983,2007,0,0,0,0,0,0
983,2008,0,0,0,0,1,0
983,2009,0,0,0,0,1,0
983,2010,0,0,0,0,0,0
983,2011,0,0,0,0,0,0
989,2002,1,0,0,1,0,0
989,2003,1,0,0,1,0,0
989,2004,1,1,1,1,1,1
989,2005,1,1,1,1,1,1
989,2006,0,0,0,0,0,0
989,2007,0,0,0,0,0,0
989,2008,0,0,0,0,0,0
989,2009,0,0,0,0,0,0
989,2010,0,0,0,0,0,0
989,2011,0,0,0,0,0,0
1006,2006,0,0,0,0,0,0
1006,2007,0,0,0,0,0,0
1006,2008,0,0,0,0,0,0
1006,2009,0,0,0,0,0,0
1006,2010,0,0,0,0,0,0
1006,2011,0,0,0,0,0,0
1013,2002,0,0,0,1,1,1
1013,2003,0,0,0,1,1,1
1013,2004,0,0,0,0,0,0
1013,2005,0,0,0,0,0,0
1013,2006,0,0,0,0,0,0
1013,2007,0,0,0,0,0,0
1013,2008,0,0,0,0,0,0
1013,2009,0,0,0,0,0,0
1013,2010,0,0,0,0,0,0
1013,2011,0,0,0,0,0,0
1014,2006,0,0,0,1,1,1
1014,2007,0,0,0,1,1,1
1014,2008,0,0,0,1,1,1
1014,2009,0,0,0,1,1,1
1014,2010,0,0,0,1,1,1
1014,2011,0,0,0,1,1,1
1015,2003,0,0,0,0,0,0
1015,2004,0,0,0,0,0,0
1015,2005,1,0,0,1,0,0
1015,2006,1,1,0,0,1,0
1015,2007,0,1,0,0,1,0
1015,2008,0,1,0,0,1,0
1015,2009,0,1,0,0,1,0
1015,2010,0,1,0,0,1,0
1015,2011,0,1,0,0,1,0
1016,2003,0,0,0,0,0,0
1016,2004,1,0,0,0,0,0
1016,2005,0,0,0,0,0,0
1016,2006,0,0,0,0,0,0
1016,2007,0,0,0,0,0,0
1016,2008,0,0,0,0,0,0
1016,2009,0,0,0,0,0,0
1016,2010,0,0,0,0,1,0
1016,2011,0,0,0,0,0,0
1030,2004,0,1,1,0,1,1
1030,2005,0,1,0,0,1,0
1030,2006,0,0,0,0,0,0
1030,2007,0,0,0,0,0,0
1030,2008,0,0,0,0,0,0
1030,2009,0,0,0,0,0,0
1030,2010,0,0,0,0,0,0
1030,2011,0,0,0,0,0,0
1033,2003,1,1,1,1,1,1
1033,2004,0,0,0,1,0,0
1033,2005,0,0,0,0,0,0
1033,2006,0,0,0,0,0,0
1033,2007,0,0,0,0,0,0
1033,2008,0,0,0,0,0,0
1033,2009,0,0,0,0,0,0
1033,2010,0,0,0,0,0,0
1033,2011,0,0,0,0,0,0
1034,2003,1,1,1,1,1,1
1034,2004,0,0,0,0,1,1
1034,2005,0,0,0,0,1,1
1034,2006,0,0,0,0,1,1
1034,2007,0,0,0,0,1,1
1034,2008,0,1,0,0,1,1
1034,2009,0,1,0,0,1,1
1034,2010,0,0,0,0,1,1
1034,2011,0,0,0,0,1,1
1039,2003,0,0,0,0,0,0
1039,2004,0,0,0,0,0,0
1039,2005,0,0,0,0,0,0
1039,2006,1,1,1,1,1,1
1039,2007,0,0,0,0,0,0
1039,2008,0,0,0,0,0,0
1039,2009,0,0,0,0,0,0
1039,2010,0,0,0,0,0,0
1039,2011,0,0,0,0,0,0
1042,2004,1,1,1,1,1,1
1042,2005,0,0,0,0,0,0
1042,2006,0,0,0,1,1,1
1042,2007,0,0,0,0,0,0
1042,2008,0,0,0,0,0,0
1042,2009,0,0,0,0,0,0
1042,2010,0,0,0,0,0,0
1042,2011,0,0,0,0,0,0
1045,2004,1,1,1,1,1,1
1045,2005,1,1,1,1,1,1
1045,2006,1,1,1,1,1,1
1045,2007,0,0,0,0,0,1
1045,2008,0,0,0,0,0,1
1045,2009,0,0,0,0,0,1
1045,2010,0,0,0,0,0,1
1045,2011,1,1,1,1,1,1
1046,2005,0,0,0,0,1,1
1046,2006,0,0,0,0,1,1
1046,2007,0,0,0,0,1,1
1046,2008,0,0,0,0,1,1
1046,2009,0,0,0,0,1,1
1046,2010,0,0,0,0,1,1
1046,2011,0,0,0,0,1,1
1047,2006,0,0,0,0,0,0
1047,2007,0,0,0,0,0,0
1047,2008,0,0,0,0,0,0
1047,2009,0,0,0,0,0,0
1047,2010,0,0,0,0,0,0
1047,2011,0,0,0,0,0,0
1053,2004,0,0,0,0,0,0
1053,2005,0,1,1,0,0,0
1053,2006,0,1,1,0,0,0
1053,2007,0,1,1,1,0,0
1053,2008,0,1,1,1,0,0
1053,2009,0,1,1,1,0,0
1053,2010,0,1,1,0,0,0
1053,2011,0,1,1,0,0,0
1054,2004,0,0,0,1,1,1
1054,2005,0,0,0,0,0,0
1054,2006,0,0,0,1,1,1
1054,2007,0,0,0,0,0,0
1054,2008,0,0,0,0,0,0
1054,2009,0,0,0,0,0,0
1054,2010,0,0,0,0,0,0
1054,2011,0,0,0,0,0,0
1056,2005,0,0,0,0,0,0
1056,2006,1,1,1,1,1,1
1056,2007,0,0,0,0,0,0
1056,2008,0,0,0,0,0,0
1056,2009,0,0,0,0,0,0
1056,2010,0,0,0,0,0,0
1056,2011,0,0,0,0,0,0
1059,2011,0,0,0,0,0,0
1060,2005,0,0,0,1,0,1
1060,2006,0,0,0,1,0,1
1060,2007,0,0,0,1,0,1
1060,2008,0,0,0,1,0,1
1060,2009,0,0,0,1,0,1
1060,2010,0,0,0,1,0,1
1060,2011,0,0,0,1,0,1
1065,2005,0,0,0,0,0,0
1065,2006,0,0,0,0,0,0
1065,2007,0,0,0,0,0,0
1065,2008,0,0,0,0,0,0
1065,2009,0,0,0,0,0,0
1065,2010,0,0,0,0,0,0
1065,2011,0,0,0,0,0,0
1066,2005,0,0,0,0,0,0
1066,2006,0,0,0,0,0,0
1066,2007,0,0,0,0,0,0
1066,2008,0,0,0,0,0,0
1066,2009,0,0,0,0,0,0
1066,2010,0,0,0,0,0,0
1066,2011,0,0,0,0,0,0
1081,2007,0,0,0,1,0,0
1081,2008,0,0,0,0,0,0
1081,2009,0,0,0,0,0,0
1081,2010,0,0,0,0,0,0
1081,2011,0,0,0,0,0,0
1082,2007,0,0,0,0,0,0
1082,2008,0,0,0,0,0,0
1082,2009,0,0,0,0,0,0
1082,2010,0,0,0,0,1,0
1082,2011,0,0,0,0,1,0
1097,2008,0,1,0,0,1,1
1097,2009,1,1,0,0,1,0
1097,2010,0,0,0,0,0,0
1097,2011,0,0,0,0,0,0
1098,2008,0,0,0,0,0,1
1098,2009,0,0,0,0,0,0
1098,2010,0,0,0,0,0,0
1098,2011,0,0,0,0,0,0
1099,2008,0,0,0,0,0,0
1099,2009,0,0,0,0,0,0
1099,2010,0,0,0,0,0,0
1099,2011,0,0,0,0,0,0
1106,2011,0,0,0,0,0,0
1110,2009,0,0,0,0,0,1
1110,2010,0,0,0,0,0,1
1110,2011,0,0,0,0,0,1
1112,2009,0,0,0,0,0,0
1112,2010,0,0,0,0,0,0
1112,2011,0,0,0,0,0,0
1113,2010,0,0,0,0,0,0
1113,2011,0,0,0,0,0,0
1114,2010,0,0,0,0,0,0
1114,2011,0,0,0,0,0,0
1115,2010,0,0,0,0,0,0
1115,2011,0,0,0,0,0,0
1116,2010,0,0,0,1,1,1
1116,2011,0,0,0,0,0,0
1117,2010,0,0,0,0,0,0
1117,2011,0,0,0,0,0,0
1118,2011,0,0,0,0,0,0
1121,2009,1,0,1,0,1,0
1121,2010,1,0,1,0,1,0
1121,2011,1,0,1,0,1,0
1123,2010,0,0,0,0,0,1
1123,2011,0,0,0,0,0,1
1125,2009,1,1,1,0,0,1
1125,2010,1,0,1,0,0,1
1125,2011,1,0,1,0,0,1
1130,2011,0,0,0,0,0,0
1131,2011,0,0,0,0,0,0
1132,2011,0,0,0,0,0,0
1133,2010,0,0,0,0,0,0
1133,2011,0,0,0,0,0,0
1134,2011,0,0,0,0,0,1
1135,2010,0,0,0,0,0,1
1135,2011,0,0,0,0,0,1
1136,2010,1,1,1,1,1,0
1136,2011,1,1,0,1,1,0
1138,2010,0,0,0,0,0,0
1138,2011,0,0,0,0,0,0
1140,2011,1,1,1,1,1,1
1141,2010,0,0,0,0,0,0
1141,2011,0,0,0,0,0,0
1142,2010,0,0,0,0,0,0
1142,2011,0,0,0,0,0,0
1144,2011,0,0,0,0,0,0
1145,2011,0,0,0,0,0,0
1146,2011,0,0,0,1,0,0
1147,2011,0,0,0,0,0,0
1149,2011,0,0,0,0,0,0
1151,2011,0,0,0,0,0,0
1156,2011,0,0,0,0,0,0
1168,2011,0,0,0,0,1,0
1169,2011,1,1,1,1,1,1
1170,2011,0,0,0,0,0,0
2029,2000,1,1,1,1,1,1
2029,2001,0,0,0,0,0,0
2029,2002,0,0,0,0,0,0
2029,2003,0,0,0,0,0,0
2029,2004,0,0,0,0,0,0
2029,2005,0,0,0,0,0,0
2029,2006,0,0,0,0,0,0
2029,2007,0,0,0,0,0,0
2029,2008,0,0,0,0,0,0
2029,2009,0,0,0,0,0,0
2029,2010,0,0,0,0,0,0
2029,2011,0,0,0,0,0,0
