Generated by testsensors.m script on 26-Sep-2012       
site_id, year, wteq, prec, snwd, tobs, tmax, tmin, tavg, ts5, ts20, ts50, vwc5, vwc20, vwc50
303,2001,0,0,1,0,0,0,0,0,0,0,0,0,0
303,2002,0,0,0,0,0,0,0,0,0,0,0,0,0
303,2003,0,0,0,0,0,0,0,0,0,0,0,0,0
303,2004,0,0,0,0,0,0,0,0,0,0,0,0,0
303,2005,0,0,0,0,0,0,0,0,0,0,0,0,0
303,2006,0,0,0,0,0,0,0,0,0,0,0,0,0
303,2007,0,0,0,0,0,0,0,0,0,0,0,0,0
303,2008,0,0,0,0,0,0,0,0,0,0,0,0,0
303,2009,0,0,0,0,0,0,0,0,0,0,0,0,0
303,2010,0,0,0,0,0,0,0,0,0,0,0,0,0
303,2011,0,0,0,0,0,0,0,0,0,0,0,0,0
305,2001,0,0,0,0,0,0,0,0,0,0,0,0,0
750,2001,1,0,0,0,0,0,0,0,0,0,0,0,0
2029,2000,1,1,1,0,0,0,0,0,0,0,0,0,0
305,2002,0,0,0,0,0,0,0,0,0,0,0,0,0
305,2003,0,0,0,0,1,0,0,0,0,0,0,0,0
305,2004,0,0,0,0,0,0,0,0,0,0,0,0,0
305,2005,0,0,0,0,0,0,0,0,0,0,0,0,0
305,2006,0,0,0,0,0,0,0,0,0,0,0,0,0
305,2007,0,0,0,0,0,0,0,0,0,0,0,0,0
305,2008,0,0,0,0,0,0,0,0,0,0,0,0,1
305,2009,0,0,0,0,0,0,0,0,0,0,0,0,1
305,2010,0,0,0,0,0,0,0,0,0,0,0,0,1
305,2011,0,0,0,0,0,0,0,0,0,0,0,0,1
306,1997,0,0,0,0,0,0,0,0,1,0,0,1,1
306,1998,0,0,0,0,0,0,0,0,0,0,0,0,0
306,1999,0,0,0,0,0,0,0,0,0,0,0,0,0
306,2000,0,0,0,0,0,0,0,0,0,0,0,0,0
306,2001,0,0,0,0,0,0,0,0,0,0,0,0,0
306,2002,0,0,0,0,0,0,0,0,0,0,0,0,0
306,2003,0,0,0,0,0,0,0,0,0,0,0,0,0
306,2004,0,0,0,0,0,0,0,0,0,0,0,1,1
306,2005,0,0,0,0,0,0,0,0,0,0,0,0,0
306,2006,0,0,0,0,0,0,0,0,0,0,0,0,0
306,2007,0,0,0,0,0,0,0,0,0,0,0,0,0
306,2008,0,0,0,0,0,0,0,0,0,0,0,0,0
306,2009,0,0,0,0,0,0,0,0,0,0,0,0,0
306,2010,0,0,0,0,0,0,0,0,0,0,0,0,0
306,2011,0,0,0,0,0,0,0,0,0,0,0,0,0
307,2001,0,0,0,0,0,0,0,0,0,0,0,0,0
307,2002,0,0,0,0,0,0,0,0,0,0,0,0,0
307,2003,0,0,0,0,0,0,0,0,0,0,0,0,0
307,2004,0,0,0,0,0,0,0,0,0,0,0,0,0
307,2005,0,0,0,0,0,0,0,0,0,0,0,0,0
307,2006,0,0,0,0,0,0,0,0,0,0,0,0,0
307,2007,0,0,0,0,0,0,0,0,0,0,0,0,0
307,2008,0,0,0,0,0,0,0,0,0,0,0,0,0
307,2009,0,0,0,0,0,0,0,0,0,0,0,0,0
307,2010,0,0,0,0,0,0,0,0,0,0,0,0,0
307,2011,0,0,0,0,0,0,0,0,0,0,0,0,0
308,2001,0,0,0,0,0,0,0,0,0,0,0,0,0
308,2002,0,0,0,0,0,0,0,0,0,0,0,0,0
308,2003,0,0,0,0,0,0,0,0,0,0,0,0,0
308,2004,0,0,0,0,0,0,0,0,0,0,0,0,0
308,2005,0,0,0,0,0,0,0,0,0,0,0,0,0
308,2006,0,0,0,0,0,0,0,0,0,0,0,0,0
308,2007,0,0,0,0,0,0,0,0,0,0,0,0,0
308,2008,0,0,0,0,0,0,0,0,0,0,0,0,0
308,2009,0,0,0,0,0,0,0,0,0,0,0,0,0
308,2010,0,0,0,0,0,0,0,0,0,0,0,0,0
308,2011,0,0,1,0,0,0,0,0,0,0,0,0,0
309,2001,0,0,0,0,0,0,0,0,0,0,0,0,0
309,2002,0,0,0,0,0,0,0,0,0,0,0,0,0
309,2003,0,0,0,0,0,0,0,0,0,0,0,0,0
309,2004,0,0,0,0,0,0,0,0,0,0,0,0,0
309,2005,0,0,0,0,0,0,0,0,0,0,0,0,0
309,2006,0,0,0,0,0,0,0,0,0,0,0,0,0
309,2007,0,0,0,0,0,0,0,0,0,0,0,0,0
309,2008,0,0,0,0,0,0,0,0,0,0,0,0,0
309,2009,0,0,0,0,0,0,0,0,0,0,0,0,0
309,2010,0,0,0,0,0,0,0,0,0,0,0,0,0
309,2011,0,0,0,0,0,0,0,0,0,0,0,0,0
310,2001,0,0,0,0,0,0,0,0,0,0,0,0,0
310,2002,0,0,0,0,0,0,0,0,0,0,0,0,0
310,2003,0,0,0,0,0,0,0,1,1,1,0,0,0
310,2004,0,0,0,0,0,0,0,1,1,1,0,0,1
310,2005,0,0,0,0,0,0,0,0,0,0,0,0,0
310,2006,0,0,0,0,0,0,0,0,0,0,0,0,1
310,2007,0,0,0,0,0,0,0,0,0,0,0,0,0
310,2008,0,0,0,0,0,0,0,0,0,0,0,0,0
310,2009,0,0,0,0,0,0,0,0,0,0,0,0,0
310,2010,0,0,0,0,0,0,0,0,0,0,0,0,1
310,2011,0,0,0,0,0,0,0,0,0,0,0,0,1
311,2001,0,0,0,0,0,0,0,0,0,0,0,0,0
311,2002,0,0,0,0,0,0,0,0,0,0,0,0,0
311,2003,0,0,0,0,0,0,0,0,0,0,0,0,0
311,2004,0,0,0,0,0,0,0,0,0,0,0,0,0
311,2005,0,0,0,0,0,0,0,0,0,0,0,0,0
311,2006,0,0,0,0,0,0,0,0,0,0,0,0,0
311,2007,0,0,0,0,0,0,0,0,0,0,0,0,0
311,2008,0,0,0,0,0,0,0,0,0,0,0,0,0
311,2009,0,0,0,0,0,0,0,0,0,0,0,0,0
311,2010,0,0,0,0,0,0,0,0,0,0,0,0,0
311,2011,0,0,0,0,0,0,0,0,0,0,0,0,0
312,2001,0,0,0,0,0,0,0,0,0,0,0,0,0
312,2002,0,0,0,0,0,0,0,0,0,0,0,0,0
312,2003,0,0,0,0,0,0,0,0,0,0,0,0,0
312,2004,0,0,0,0,0,0,0,0,0,0,0,0,0
312,2005,0,0,0,0,0,0,0,0,0,0,0,0,0
312,2006,0,0,0,0,0,0,0,0,0,0,0,0,0
312,2007,0,0,0,0,0,0,0,0,0,0,0,0,0
312,2008,0,0,0,0,0,0,0,0,0,0,0,0,0
312,2009,0,0,0,0,0,0,0,0,0,0,0,0,0
829,2001,0,0,0,0,0,0,0,0,0,0,0,0,0
829,2002,0,0,0,0,0,0,0,0,0,0,0,0,0
829,2003,0,0,1,0,0,0,0,0,0,0,0,0,0
829,2004,0,0,1,0,0,0,0,0,0,0,0,0,0
829,2005,0,0,1,1,1,1,1,0,0,0,0,0,0
829,2006,0,0,1,1,1,1,1,0,0,0,0,0,0
829,2007,0,0,1,0,0,0,0,0,0,0,0,0,0
829,2008,0,0,0,0,0,0,0,0,0,0,0,0,0
829,2009,0,0,0,0,0,0,0,0,0,0,0,0,0
829,2010,0,0,0,0,0,0,0,0,0,0,0,0,0
829,2011,0,0,0,0,0,0,0,0,0,0,0,0,0
830,2001,0,0,0,0,0,0,0,0,0,0,0,0,0
830,2002,0,0,0,0,0,0,0,0,0,0,0,0,0
830,2003,0,0,0,0,0,0,0,0,0,0,0,0,0
830,2004,0,0,0,0,0,0,0,0,0,0,0,0,0
830,2005,0,0,0,0,0,0,0,0,0,0,0,0,0
830,2006,0,0,0,0,0,0,0,0,0,0,0,0,0
830,2007,0,0,0,0,0,0,0,0,0,0,0,0,0
830,2008,0,0,0,0,0,0,0,0,0,0,0,0,0
830,2009,0,0,0,0,0,0,0,0,0,0,0,0,0
830,2010,0,0,0,0,0,0,0,0,0,0,0,0,0
830,2011,0,0,0,0,0,0,0,0,0,0,0,0,0
933,2001,0,0,0,0,0,0,0,0,0,0,0,0,0
933,2002,0,0,0,0,0,0,0,0,0,0,0,0,0
933,2003,0,0,0,0,1,0,0,0,0,0,0,0,0
933,2004,0,0,1,1,1,1,1,0,0,0,0,0,0
933,2005,0,0,1,0,0,0,0,0,0,0,0,0,0
933,2006,0,0,0,1,1,1,1,0,0,0,0,0,0
933,2007,0,0,0,1,1,1,1,0,0,0,0,0,0
933,2008,0,0,1,1,1,1,1,0,0,0,0,0,0
933,2009,0,0,0,0,0,0,0,0,0,0,0,0,0
933,2010,0,0,0,0,0,0,0,0,0,0,0,0,0
933,2011,0,0,0,0,0,0,0,0,0,0,0,0,0
934,2001,0,0,0,0,0,0,0,0,0,0,0,0,0
934,2002,0,0,0,0,0,0,0,0,0,0,0,0,0
934,2003,0,0,0,0,0,0,0,0,0,0,0,0,0
934,2004,0,0,0,0,0,0,0,0,0,0,0,0,0
934,2005,0,0,1,0,0,0,0,0,0,0,0,0,0
934,2006,0,0,0,0,0,0,0,0,0,0,0,0,0
934,2007,0,0,0,0,0,0,0,0,0,0,0,0,0
934,2008,0,0,0,0,0,0,0,0,0,0,0,0,0
934,2009,0,0,0,1,1,1,1,0,0,0,0,0,0
934,2010,0,0,0,0,0,0,0,0,0,0,0,0,0
934,2011,0,0,0,0,0,0,0,0,0,0,0,0,0
935,2001,0,0,0,0,0,0,0,0,0,0,0,0,0
935,2002,0,0,0,0,0,0,0,0,0,0,0,0,0
935,2003,0,0,0,0,0,0,0,0,0,0,0,0,0
935,2004,0,0,0,0,0,0,0,0,0,0,0,0,0
935,2005,0,0,0,0,0,0,0,0,0,0,0,0,0
935,2006,0,0,1,0,0,0,0,0,0,0,0,0,0
935,2007,0,0,0,0,0,0,0,0,0,0,0,0,0
935,2008,0,0,1,1,1,1,1,0,0,0,0,0,0
935,2009,0,0,0,1,1,1,1,0,0,0,0,0,0
935,2010,0,0,0,0,0,0,0,0,0,0,0,0,0
935,2011,0,0,0,0,0,0,0,0,0,0,0,0,0
936,2001,0,0,0,0,0,0,0,0,0,0,0,0,0
936,2002,0,0,0,0,0,0,0,0,0,0,0,0,0
936,2003,0,0,0,0,0,0,0,0,0,0,0,0,0
936,2004,0,0,0,0,0,0,0,0,0,0,0,0,0
936,2005,0,0,0,0,0,0,0,0,0,0,0,0,0
936,2006,0,0,0,0,0,0,0,0,0,0,0,0,0
936,2007,0,0,0,0,0,1,0,0,0,0,0,0,0
936,2008,0,0,1,0,0,0,0,0,0,0,0,0,0
936,2009,0,0,0,0,0,0,0,0,0,0,0,0,0
936,2010,0,0,0,0,0,0,0,0,0,0,0,0,0
936,2011,0,0,0,0,0,0,0,0,0,0,0,0,0
937,2001,0,0,0,0,0,0,0,0,0,0,0,0,0
937,2002,0,0,1,0,0,0,0,0,0,0,0,0,0
937,2003,0,0,1,0,0,0,0,0,0,0,0,0,0
937,2004,0,0,1,0,0,1,0,0,0,0,0,0,0
937,2005,0,0,0,0,1,0,0,0,0,0,0,0,0
937,2006,0,0,1,0,0,0,0,0,0,0,0,0,0
937,2007,0,0,0,0,0,0,0,0,0,0,0,0,0
937,2008,0,0,1,0,0,0,0,0,0,0,0,0,0
937,2009,0,0,0,0,0,0,0,0,0,0,0,0,0
937,2010,0,0,0,0,0,0,0,0,0,0,0,0,0
937,2011,0,0,0,0,0,0,0,0,0,0,0,0,0
938,2001,0,0,0,0,0,0,0,0,0,0,0,0,0
938,2002,0,0,0,0,0,0,0,0,0,0,0,0,0
938,2003,0,0,0,0,0,0,0,0,0,0,0,0,0
938,2004,0,0,0,0,0,0,0,0,0,0,0,0,0
938,2005,0,0,0,1,1,1,1,0,0,0,0,0,0
938,2006,0,0,0,1,1,1,1,0,0,0,0,0,0
938,2007,0,0,0,1,1,1,1,0,0,0,0,0,0
938,2008,0,0,0,0,0,0,0,0,0,0,0,0,0
938,2009,0,0,0,0,1,0,0,0,0,0,0,0,0
938,2010,0,0,0,0,1,0,0,0,0,0,0,0,0
938,2011,0,0,0,0,0,0,0,0,0,0,0,0,0
939,2001,0,0,0,0,0,0,0,0,0,0,0,0,0
939,2002,0,0,0,0,0,0,0,0,0,0,0,0,0
939,2003,0,0,0,0,0,0,0,0,0,0,0,0,0
939,2004,0,0,0,0,0,0,0,0,0,0,0,0,0
939,2005,0,0,0,0,0,0,0,0,0,0,0,0,0
939,2006,0,0,0,0,0,1,0,0,0,0,0,0,0
939,2007,0,0,0,0,0,0,0,0,0,0,0,0,0
939,2008,0,0,0,0,0,0,0,0,0,0,0,0,0
939,2009,0,0,0,0,0,0,0,0,0,0,0,0,0
939,2010,0,0,0,0,0,0,0,0,0,0,0,0,0
939,2011,0,0,0,0,0,0,0,0,0,0,0,0,0
940,1999,0,0,0,1,1,1,1,0,0,0,0,0,0
940,2000,0,0,0,0,0,0,0,0,0,0,0,0,0
940,2001,0,0,0,0,0,0,0,0,0,0,0,0,0
940,2002,0,0,0,0,0,0,0,0,0,0,0,0,0
940,2003,0,0,0,0,0,0,0,0,0,0,0,0,0
940,2004,0,0,0,0,0,0,0,0,0,0,0,0,0
940,2005,0,0,0,0,0,0,0,0,0,0,0,0,0
940,2008,0,0,1,0,0,0,0,0,0,0,0,0,0
940,2009,0,0,0,0,0,0,0,0,0,0,0,0,0
940,2010,0,0,0,0,0,0,0,0,0,0,0,0,0
940,2011,0,0,0,0,0,0,0,0,0,0,0,0,0
944,2001,0,0,0,0,0,0,0,0,0,0,0,0,0
944,2002,0,0,0,0,0,0,0,0,0,0,0,0,0
944,2003,0,0,0,0,0,0,0,0,0,0,0,0,0
944,2004,0,0,0,0,0,0,0,0,0,0,0,0,0
944,2005,0,0,0,0,0,0,0,0,0,0,0,0,0
944,2006,0,0,0,0,0,0,0,0,0,0,0,0,0
944,2007,0,0,0,0,0,0,0,0,0,0,0,0,0
944,2008,0,0,0,0,0,0,0,0,0,0,0,0,0
944,2009,0,0,0,0,0,0,0,0,0,0,0,0,0
944,2010,0,0,0,0,0,0,0,0,0,0,0,0,0
944,2011,0,0,0,0,0,0,0,0,0,0,0,0,0
969,2001,0,0,1,0,0,0,0,0,0,0,0,0,0
940,2006,0,0,1,1,1,1,1,0,0,0,0,0,0
940,2007,0,0,0,1,1,1,1,0,0,0,0,0,0
969,2002,0,0,1,1,1,1,1,1,1,1,1,1,1
969,2003,0,0,0,1,1,1,1,0,0,0,1,1,1
969,2004,0,0,0,1,1,1,1,0,0,0,0,0,0
969,2005,0,0,0,0,0,1,0,0,0,0,0,0,0
969,2006,0,0,1,0,0,0,0,0,0,1,0,0,0
969,2007,0,0,0,1,1,1,1,0,0,1,0,0,0
969,2008,0,0,1,1,1,1,1,0,0,1,0,0,1
969,2009,0,0,0,1,1,1,1,0,0,0,0,0,0
969,2010,0,0,0,0,1,0,0,0,0,0,0,0,0
969,2011,0,0,0,0,0,0,0,0,0,0,0,0,1
970,2001,0,0,1,1,1,1,1,0,0,0,0,0,0
970,2002,0,0,1,0,0,1,0,0,0,0,0,0,0
970,2003,0,0,1,0,0,0,0,0,0,0,0,0,0
970,2004,0,0,0,0,0,0,0,0,0,0,0,0,0
970,2005,0,0,0,0,0,0,0,0,0,0,0,0,0
970,2006,0,0,0,0,0,0,0,0,0,0,0,0,0
970,2007,0,0,0,0,0,0,0,0,0,0,0,0,0
970,2008,0,0,0,0,0,0,0,0,0,0,0,0,0
970,2009,0,0,0,0,0,0,0,0,0,0,0,0,0
970,2010,0,0,0,0,0,0,0,0,0,0,0,0,0
970,2011,0,0,0,0,0,0,0,0,0,0,0,0,0
971,2000,0,0,0,0,0,0,0,0,0,0,0,0,0
971,2001,0,0,0,0,0,0,0,0,0,0,0,0,0
971,2002,0,0,0,0,0,0,0,0,0,0,0,0,0
971,2003,0,0,0,0,0,0,0,0,0,0,0,0,0
971,2004,0,0,0,0,0,0,0,0,0,0,0,0,0
971,2005,0,0,0,0,0,0,0,0,0,0,0,0,0
971,2006,0,0,0,0,0,0,0,0,0,0,0,0,0
971,2007,0,0,0,0,0,0,0,0,0,0,0,0,0
971,2008,0,0,0,0,0,0,0,0,0,0,0,0,0
971,2009,0,0,0,0,0,0,0,0,0,0,0,0,0
971,2010,0,0,0,0,0,0,0,0,0,0,0,0,0
971,2011,0,0,0,0,0,0,0,0,0,0,0,0,0
972,2000,0,0,0,1,0,0,1,0,0,0,0,0,0
972,2001,0,0,0,1,0,0,1,0,0,0,0,0,0
972,2002,0,0,0,1,0,0,0,0,0,0,0,0,0
972,2003,0,0,0,0,0,0,0,0,0,0,0,0,0
972,2004,0,0,0,0,0,0,0,0,0,0,0,0,0
972,2005,0,0,0,0,0,0,0,0,0,0,0,0,0
972,2006,0,0,0,0,0,0,0,0,0,0,0,0,0
972,2007,0,0,0,0,0,0,0,0,0,0,0,0,0
972,2008,0,0,0,0,0,0,0,0,0,0,0,0,0
972,2009,0,0,0,0,0,0,0,0,0,0,0,0,0
972,2010,0,0,0,0,0,0,0,0,0,0,0,0,0
972,2011,0,0,0,0,0,0,0,0,0,0,0,0,0
978,2000,0,0,0,0,0,0,0,0,0,0,0,0,0
978,2001,0,0,0,0,0,0,0,0,1,1,0,0,0
978,2002,0,0,0,0,0,0,0,0,1,1,0,1,0
978,2003,0,0,0,0,0,0,0,0,0,0,0,0,0
978,2004,0,0,0,0,0,0,0,0,0,0,0,0,0
978,2005,0,0,0,0,0,0,0,0,1,1,0,1,1
978,2006,0,0,0,0,0,0,0,0,0,0,0,0,0
978,2007,0,0,0,0,0,0,0,0,0,0,0,0,0
978,2008,0,0,0,0,0,0,0,0,0,0,0,0,0
978,2009,0,0,0,0,0,0,0,0,0,0,0,0,0
978,2010,0,0,0,0,0,0,0,0,0,0,0,0,0
978,2011,0,0,0,0,0,0,0,0,0,0,0,0,0
979,2002,0,0,0,0,0,0,0,0,0,0,0,0,0
979,2003,0,0,0,0,0,0,0,0,0,0,0,0,0
979,2004,0,0,0,0,0,0,0,0,0,0,0,0,0
979,2005,0,0,0,0,0,0,0,0,0,0,0,0,0
979,2006,0,0,0,0,0,0,0,0,0,0,0,0,0
979,2007,0,0,0,0,0,0,0,1,1,0,0,0,0
979,2008,0,0,0,0,0,0,0,1,1,0,0,0,0
979,2009,0,0,0,0,0,0,0,1,1,0,0,0,0
979,2010,0,0,0,0,0,0,0,1,1,0,0,0,0
979,2011,0,0,0,0,0,0,0,1,1,0,0,0,0
1005,2001,0,0,1,1,1,1,1,0,0,0,0,0,0
1005,2002,0,0,1,0,0,0,0,0,0,0,0,0,0
1005,2003,0,0,1,0,0,0,0,0,0,0,0,0,0
1005,2004,0,0,1,0,0,0,0,0,0,0,0,0,0
1005,2005,0,0,1,0,0,0,0,0,0,0,0,0,0
1005,2006,0,0,1,0,0,0,0,0,0,0,0,0,0
1005,2007,0,0,0,0,0,0,0,0,0,0,0,0,0
1005,2008,0,0,1,0,0,0,0,0,0,0,0,0,0
1005,2009,0,0,0,0,0,0,0,0,0,0,0,0,0
1005,2010,0,0,0,0,0,0,0,0,0,0,0,0,0
1005,2011,0,0,1,1,1,1,1,0,0,0,0,0,0
1006,2009,0,0,0,1,1,1,1,0,0,0,0,0,0
1006,2010,0,0,0,1,1,1,1,0,0,0,0,0,0
1013,2002,0,0,0,0,0,0,0,0,0,0,1,1,1
1013,2003,0,0,0,0,0,0,0,0,0,0,1,1,1
1013,2004,0,0,0,0,0,0,0,0,0,0,0,0,0
1013,2005,0,0,0,0,0,0,0,1,1,1,1,1,1
1013,2006,0,0,0,0,0,0,0,1,1,1,1,1,1
1013,2007,0,0,0,0,0,0,0,0,0,0,0,0,0
1013,2008,0,0,0,0,0,0,0,0,0,0,0,0,0
1013,2009,0,0,0,0,0,0,0,0,0,0,0,0,0
1013,2010,0,0,0,0,0,0,0,0,0,0,0,0,0
1013,2011,0,0,0,0,0,0,0,0,0,0,0,0,0
1014,2002,0,0,0,0,0,1,0,0,0,0,0,0,0
1014,2003,0,0,1,0,0,0,0,0,0,0,0,0,0
1014,2004,0,0,1,0,0,0,0,0,0,0,0,0,0
1014,2005,0,0,0,0,0,0,0,0,0,0,0,0,0
1014,2006,0,0,1,0,0,0,0,0,0,0,0,0,0
1014,2007,0,0,0,0,0,0,0,0,0,0,0,0,0
1014,2008,0,0,1,0,0,0,0,0,0,0,0,0,0
1014,2009,0,0,0,0,0,0,0,0,0,0,0,0,0
1014,2010,0,0,0,0,0,0,0,0,0,0,0,0,0
1014,2011,0,0,0,0,0,0,0,0,0,0,0,0,0
1015,2002,0,0,1,1,1,1,1,1,1,1,0,0,0
1015,2003,0,0,0,0,0,0,0,0,0,0,0,0,0
1015,2004,0,0,1,0,0,0,0,0,0,0,0,0,0
1015,2005,0,0,1,0,0,0,0,0,0,0,0,0,0
1015,2006,0,0,0,0,0,0,0,0,0,0,0,0,0
1015,2007,0,0,0,0,0,0,0,0,0,0,0,0,0
1015,2008,0,0,0,0,0,0,0,0,0,0,0,0,0
1015,2009,0,0,0,0,0,0,0,0,0,0,0,0,0
1015,2010,0,0,0,0,0,0,0,0,0,0,0,0,0
1015,2011,0,0,0,0,0,0,0,0,0,0,0,0,0
1030,2003,0,0,0,0,0,0,0,0,0,0,0,0,0
1030,2004,0,0,0,0,0,0,0,0,0,0,0,0,0
1030,2005,0,0,1,0,0,0,0,0,0,0,0,0,0
1030,2006,0,0,0,0,0,0,0,0,0,0,0,0,0
1030,2007,0,0,0,0,0,0,0,0,0,0,0,0,0
1030,2008,0,0,0,0,0,0,0,0,0,0,0,0,0
1030,2009,0,0,0,0,0,0,0,0,0,0,0,0,0
1030,2010,0,0,0,0,0,0,0,0,0,0,0,0,0
1030,2011,0,0,0,0,0,0,0,0,0,0,0,0,0
1031,2003,0,0,1,1,1,1,1,0,0,0,0,0,0
1031,2004,0,0,1,1,1,1,1,0,0,0,0,0,0
1031,2005,0,0,1,0,0,0,0,0,0,0,0,0,0
1031,2006,0,0,0,0,0,0,0,0,0,0,0,0,0
1031,2007,0,0,0,0,0,0,0,0,0,0,0,0,0
1031,2008,0,0,0,0,0,0,0,0,0,0,0,0,0
1031,2009,0,0,0,0,0,0,0,0,0,0,0,0,0
1031,2010,0,0,0,0,0,0,0,0,0,0,0,0,0
1031,2011,0,0,0,0,0,0,0,0,0,0,0,0,0
1032,2003,0,0,0,0,0,0,0,0,0,0,0,0,0
1032,2004,0,0,0,0,0,0,0,0,0,0,0,0,0
1032,2005,0,0,1,0,0,0,0,0,0,0,0,0,0
1032,2006,0,0,1,0,0,0,0,0,0,0,0,0,0
1032,2007,0,0,1,0,0,1,0,0,0,0,0,0,0
1032,2008,0,0,1,0,0,0,0,0,0,0,0,0,0
1032,2009,0,0,0,0,0,0,0,0,0,0,0,0,0
1032,2010,0,0,0,0,0,0,0,0,0,0,0,0,0
1032,2011,0,0,0,0,0,0,0,0,0,0,0,0,0
1033,2003,0,0,1,0,0,0,0,0,0,0,0,0,0
1033,2004,0,0,1,0,0,0,0,0,0,0,0,0,0
1033,2005,0,0,1,0,0,0,0,0,0,0,0,0,0
1033,2006,0,0,1,0,0,0,0,0,0,0,0,0,0
1033,2007,0,0,0,0,0,0,0,0,0,0,0,0,0
1033,2008,0,0,1,0,0,0,0,0,0,0,0,0,0
1033,2009,0,0,0,0,0,0,0,0,0,0,0,0,0
1033,2010,0,0,0,0,0,0,0,0,0,0,0,0,0
1033,2011,0,0,0,0,0,0,0,0,0,0,0,0,0
1034,2003,0,0,0,1,1,1,1,1,1,1,0,1,1
1034,2004,0,0,1,0,0,1,1,0,0,0,0,0,0
1034,2005,0,0,1,0,0,0,0,0,0,0,0,0,0
1034,2006,0,0,0,0,0,0,0,0,0,0,0,0,0
1034,2007,0,0,0,0,0,0,0,0,0,0,0,0,0
1034,2008,0,0,0,0,0,0,0,0,0,0,0,0,0
1034,2009,0,0,0,0,0,0,0,0,0,0,0,0,0
1034,2010,0,0,0,0,0,0,0,0,0,0,0,0,0
1034,2011,0,0,0,0,0,0,0,0,0,0,0,0,0
1039,2003,0,0,0,0,0,0,0,0,0,0,0,0,0
1039,2004,0,0,0,0,0,0,0,0,0,0,0,0,0
1039,2005,0,0,0,0,0,0,0,0,0,0,0,0,0
1039,2006,0,0,0,0,0,0,0,0,0,0,0,0,0
1039,2007,0,0,0,0,0,0,0,0,0,0,0,0,0
1039,2008,0,0,0,0,0,0,0,0,0,0,0,0,0
1039,2009,0,0,0,0,0,0,0,0,0,0,0,0,0
1039,2010,0,0,0,0,0,0,0,0,0,0,0,0,0
1039,2011,0,0,0,0,0,0,0,0,0,0,0,0,0
1040,2004,0,0,1,1,1,1,1,0,0,0,0,0,0
1040,2005,0,0,0,0,0,0,0,0,0,0,0,0,0
1040,2006,0,0,1,0,0,0,0,0,0,0,0,0,0
1040,2007,0,0,1,0,0,1,0,0,0,0,0,0,0
1040,2008,0,0,0,0,0,0,0,0,0,0,0,0,0
1040,2009,0,0,0,0,0,0,0,0,0,0,0,0,0
1040,2010,0,0,0,0,0,0,0,0,0,0,0,0,0
1040,2011,0,0,0,0,0,0,0,0,0,0,0,0,0
1041,2004,0,0,0,0,0,0,0,0,0,0,0,0,0
1041,2005,0,0,0,0,0,0,0,0,0,0,0,0,0
1041,2006,0,0,0,0,0,0,0,0,0,0,0,0,0
1041,2007,0,0,0,0,0,0,0,0,0,0,0,0,0
1041,2008,0,0,0,0,0,0,0,0,0,0,0,0,0
1041,2009,0,0,0,0,0,1,0,0,0,0,0,0,0
1041,2010,0,0,0,0,0,0,0,0,0,0,0,0,0
1041,2011,0,0,0,0,0,0,0,0,0,0,0,0,0
1042,2004,1,1,1,0,0,1,1,1,1,1,1,1,1
1042,2005,0,0,1,0,0,0,0,0,0,0,0,0,0
1042,2006,0,0,1,0,1,1,1,0,0,0,0,0,0
1042,2007,0,0,1,1,1,1,1,0,0,0,0,0,0
1042,2008,0,0,1,1,1,1,1,0,0,0,0,0,0
1042,2009,0,0,1,1,1,1,1,0,0,0,0,0,0
1042,2010,0,0,1,0,0,0,0,0,0,0,0,0,0
1042,2011,0,0,1,0,0,0,0,0,0,0,0,0,0
1045,2004,0,0,1,0,0,0,0,0,0,0,0,0,0
1045,2005,0,0,0,0,0,0,0,0,0,0,0,0,0
1045,2006,0,0,0,0,0,0,0,0,0,0,0,0,0
1045,2007,0,0,0,0,0,0,0,0,0,0,0,0,0
1045,2008,0,0,0,0,0,0,0,0,0,0,0,0,0
1045,2009,0,0,1,1,1,1,1,0,0,0,0,0,0
1045,2010,0,0,0,0,0,0,0,0,0,0,0,0,0
1045,2011,0,0,0,0,0,0,0,0,0,0,0,0,0
1046,2004,0,0,1,0,0,1,0,0,0,0,0,0,0
1046,2005,0,0,0,0,0,0,0,0,0,0,0,0,0
1046,2006,0,0,0,0,0,0,0,0,0,0,0,0,0
1046,2007,0,0,0,0,0,0,0,0,0,0,0,0,0
1046,2008,0,0,0,0,0,0,0,0,0,0,0,0,0
1046,2009,0,0,0,0,0,0,0,0,0,0,0,0,0
1046,2010,0,0,0,0,0,0,0,0,0,0,0,0,0
1046,2011,0,0,0,0,0,0,0,0,0,0,0,0,0
1047,2005,0,0,1,0,0,0,0,0,0,0,0,0,0
1047,2006,0,0,1,0,1,0,0,0,0,0,0,0,0
1047,2007,0,0,0,0,0,0,0,0,0,0,0,0,0
1047,2008,0,0,1,0,0,0,0,0,0,0,0,0,0
1047,2009,0,0,0,0,0,0,0,0,0,0,0,0,0
1047,2010,0,0,0,0,0,0,0,0,0,0,0,0,0
1047,2011,0,0,0,0,0,0,0,0,0,0,0,0,0
1048,2004,0,0,0,0,0,0,0,0,0,0,0,0,0
1048,2005,0,0,1,1,1,1,1,0,0,0,0,0,0
1048,2006,0,0,0,1,1,1,1,0,0,0,0,0,0
1048,2007,0,0,0,0,0,0,0,0,0,0,0,0,0
1048,2008,0,0,1,0,0,0,0,0,0,0,0,0,0
1048,2009,0,0,0,0,0,0,0,0,0,0,0,0,0
1048,2010,0,0,0,0,0,0,0,0,0,0,0,0,0
1048,2011,0,0,0,0,0,0,0,0,0,0,0,0,0
1053,2004,0,0,0,0,0,0,0,0,0,0,0,0,0
1053,2005,0,0,0,0,0,0,0,0,0,0,0,0,0
1053,2006,0,0,0,0,0,0,0,0,0,0,0,0,0
1053,2007,0,0,0,0,0,0,0,0,0,0,0,0,0
1053,2008,0,0,0,0,0,0,0,0,0,0,0,0,0
1053,2009,0,0,0,0,0,0,0,0,0,0,0,0,0
1053,2010,0,0,0,0,0,0,0,0,0,0,0,0,0
1053,2011,0,0,0,0,0,0,0,0,0,0,0,0,0
1054,2004,0,0,0,1,0,0,0,0,0,0,0,0,0
1054,2005,0,0,0,0,0,0,0,0,0,0,0,0,0
1054,2006,0,0,0,0,0,0,0,0,0,0,0,0,0
1054,2007,0,0,0,0,0,0,0,0,0,0,0,0,0
1054,2008,0,0,0,0,0,0,0,0,0,0,0,0,0
1054,2009,0,0,0,0,0,0,0,0,0,0,0,0,0
1054,2010,0,0,0,0,0,0,0,0,0,0,0,0,0
1054,2011,0,0,0,0,0,0,0,0,0,0,0,0,0
1120,2010,0,0,0,0,1,0,0,0,0,0,0,0,0
1120,2011,0,0,1,1,1,1,1,0,0,0,0,0,0
1121,2009,0,0,0,0,0,0,0,0,0,0,0,0,0
1121,2010,0,0,1,0,0,0,0,0,0,0,0,0,0
1121,2011,0,0,0,0,0,0,0,0,0,0,0,0,0
1122,2010,0,0,0,1,1,1,1,0,0,0,0,0,0
1122,2011,0,0,1,0,0,0,0,0,0,0,0,0,0
1123,2010,0,0,0,0,0,0,0,0,0,0,0,0,0
1123,2011,0,0,1,0,0,0,0,0,0,0,0,0,0
1124,2010,0,0,0,0,0,0,0,0,0,0,0,0,0
1124,2011,0,0,0,0,1,0,0,0,0,0,0,0,0
1125,2009,0,0,0,0,0,0,0,0,0,0,0,0,0
1125,2010,0,0,1,0,0,0,0,0,0,0,0,0,0
1125,2011,0,0,0,0,0,0,0,0,0,0,0,0,0
1127,2009,0,0,1,0,0,0,0,0,0,0,0,0,0
1127,2010,0,0,1,0,0,0,0,0,0,0,0,0,0
1127,2011,0,0,0,0,0,0,0,0,0,0,0,0,0
1128,2010,0,0,0,0,0,0,0,0,0,0,0,0,0
1128,2011,0,0,1,0,0,0,0,0,0,0,0,0,0
1130,2010,0,0,0,0,0,0,0,0,0,0,0,0,0
1130,2011,0,0,0,0,0,0,0,0,0,0,0,0,0
1131,2010,0,0,0,0,0,0,0,0,0,0,0,0,0
1131,2011,0,0,0,0,0,0,0,0,0,0,0,0,0
1132,2010,0,0,0,0,0,0,0,0,0,0,0,0,0
1132,2011,0,0,0,0,0,0,0,0,0,0,0,0,0
1133,2010,0,0,0,0,0,0,0,0,0,0,0,0,0
1133,2011,0,0,0,0,0,0,0,0,0,0,0,0,0
1134,2011,0,0,0,0,0,0,0,0,0,0,0,0,0
1135,2010,0,0,0,0,0,0,0,0,0,0,0,0,0
1135,2011,0,0,0,0,0,0,0,0,0,0,0,0,0
1136,2010,0,0,0,0,0,0,0,0,0,0,0,0,0
1136,2011,0,0,0,0,0,0,0,0,0,0,0,0,0
1138,2010,0,0,0,0,0,0,0,0,0,0,0,0,0
1138,2011,0,0,0,0,0,0,0,0,0,0,0,0,0
1139,2010,0,0,1,0,0,0,0,0,0,0,0,0,0
1139,2011,0,0,0,0,0,0,0,0,0,0,0,0,0
1140,2010,0,0,0,0,0,0,0,0,0,0,0,0,0
1140,2011,0,0,0,0,0,0,0,0,0,0,0,0,0
1141,2010,0,0,0,0,0,0,0,0,0,0,0,0,0
1141,2011,0,0,1,0,0,0,0,0,0,0,0,0,0
1142,2010,0,0,0,0,0,0,0,0,0,0,0,0,0
1142,2011,0,0,0,0,0,0,0,0,0,0,0,0,0
1144,2011,0,0,0,0,0,0,0,0,0,0,0,0,0
1145,2011,0,0,0,0,0,0,0,0,0,0,0,0,0
1146,2011,0,0,0,0,0,0,0,0,0,0,0,0,0
1147,2011,0,0,0,0,0,0,0,0,0,0,0,0,0
1149,2011,0,0,0,0,0,0,0,0,0,0,0,0,0
1151,2011,0,0,0,0,0,0,0,0,0,0,0,0,0
1156,2011,0,0,0,0,0,0,0,0,0,0,0,0,0
1168,2011,0,0,1,0,0,0,0,0,0,0,0,0,0
1169,2011,0,0,0,0,1,1,1,0,0,0,1,1,1
1170,2011,0,0,1,0,0,0,0,0,0,0,0,0,0
2029,2001,1,0,0,0,0,0,0,0,0,0,0,0,0
2029,2002,0,0,0,0,0,0,0,0,0,0,0,0,0
2029,2003,1,1,1,1,0,0,0,0,0,0,0,0,0
2029,2004,0,0,0,0,0,0,0,0,0,0,0,0,0
2029,2005,0,0,0,0,0,0,0,0,0,0,0,0,0
2029,2006,0,0,0,0,0,0,0,0,0,0,0,0,0
2029,2007,0,0,0,0,0,0,0,0,0,0,0,0,0
2029,2008,0,0,0,0,0,0,0,0,0,0,0,0,0
2029,2009,0,0,0,0,0,0,0,0,0,0,0,0,0
2029,2010,0,0,0,0,0,0,0,0,0,0,0,0,0
2029,2011,0,0,0,0,0,0,0,0,0,0,0,0,0
1057,2006,1,0,1,0,1,1,0,0,0,0,0,0,0
1057,2007,0,0,0,0,1,0,0,0,0,0,0,0,0
1057,2008,0,0,0,0,1,1,0,0,0,0,0,0,0
1057,2009,0,0,0,0,1,1,0,0,0,0,0,0,0
1057,2010,0,0,0,0,0,0,0,0,0,0,0,0,0
1057,2011,0,0,0,0,0,0,0,0,0,0,0,0,0
1058,2005,0,0,1,0,1,0,0,0,0,0,0,0,0
1058,2006,0,0,0,1,1,1,1,0,0,0,0,0,0
1058,2007,0,0,0,1,1,1,1,0,0,0,0,0,0
1058,2008,0,0,0,1,1,1,1,0,0,0,0,0,0
1058,2009,0,0,0,0,0,0,0,0,0,0,0,0,0
1058,2010,0,0,0,0,0,0,0,0,0,0,0,0,0
1058,2011,0,0,0,0,0,0,0,0,0,0,0,0,0
1059,2005,0,0,0,0,0,0,0,0,0,0,0,0,0
1059,2006,0,0,0,0,0,0,0,0,0,0,0,0,0
1059,2007,0,0,0,0,0,0,0,0,0,0,0,0,0
1059,2008,0,0,0,0,0,0,0,0,0,0,0,0,0
1059,2009,0,0,0,0,0,0,0,0,0,0,0,0,0
1059,2010,0,0,0,0,0,0,0,0,0,0,0,0,0
1059,2011,0,0,0,0,0,0,0,0,0,0,0,0,0
1060,2005,0,0,1,0,0,0,0,0,0,0,0,0,0
1060,2006,0,0,1,0,0,0,0,0,0,0,0,0,0
1060,2007,0,0,0,0,0,0,0,0,0,0,0,0,0
1060,2008,0,0,0,0,0,0,0,0,0,0,0,0,0
1060,2009,0,0,0,0,0,0,0,0,0,0,0,0,0
1060,2010,0,0,0,0,0,0,0,0,0,0,0,0,0
1060,2011,0,0,0,0,0,0,0,0,0,0,0,0,0
1061,2006,0,0,1,0,0,0,0,0,0,0,0,0,0
1061,2007,0,0,0,0,0,0,0,0,0,0,0,0,0
1061,2008,0,0,1,0,0,0,0,0,0,0,0,0,0
1061,2009,0,0,0,0,0,0,0,0,0,0,0,0,0
1061,2010,0,0,0,0,0,0,0,0,0,0,0,0,0
1061,2011,0,0,0,0,0,0,0,0,0,0,0,0,0
1065,2005,0,0,0,0,0,0,0,0,0,0,0,0,0
1065,2006,0,0,0,0,0,0,0,0,0,0,0,0,0
1065,2007,0,0,0,0,0,0,0,0,0,0,0,0,0
1065,2008,0,0,0,0,0,0,0,0,0,0,0,0,0
1065,2009,0,0,0,0,0,0,0,0,0,0,0,0,0
1065,2010,0,0,0,0,0,0,0,0,0,0,0,0,0
1065,2011,0,0,0,0,0,0,0,0,0,0,0,0,0
1066,2005,0,0,0,0,0,0,0,0,0,0,0,0,0
1066,2006,0,0,0,0,0,0,0,0,0,0,0,0,0
1066,2007,0,0,0,0,0,0,0,0,0,0,0,0,0
1066,2008,0,0,0,0,0,0,0,0,0,0,0,0,0
1066,2009,0,0,0,0,0,0,0,0,0,0,0,0,0
1066,2010,0,0,0,0,0,0,0,0,0,0,0,0,0
1066,2011,0,0,0,0,0,0,0,0,0,0,0,0,0
1081,2007,0,0,0,0,0,0,0,0,0,0,0,0,0
1081,2008,0,0,0,0,0,0,0,0,0,0,0,0,0
1081,2009,0,0,0,0,0,0,0,0,0,0,0,0,0
1081,2010,0,0,0,0,0,0,0,0,0,0,0,0,0
1081,2011,0,0,0,0,0,0,0,0,0,0,0,0,0
1082,2007,0,0,0,0,0,0,0,0,0,0,0,0,0
1082,2008,0,0,0,0,0,0,0,0,0,0,0,0,0
1082,2009,0,0,0,0,0,0,0,0,0,0,0,0,0
1082,2010,0,0,0,0,0,0,0,0,0,0,0,0,0
1082,2011,0,0,0,0,0,0,0,0,0,0,0,0,0
1083,2007,0,0,1,0,1,0,0,0,0,0,0,0,0
1083,2008,0,0,0,0,0,0,0,0,0,0,0,0,0
1083,2009,0,0,0,0,0,0,0,0,0,0,0,0,0
1083,2010,0,0,1,0,0,0,0,0,0,0,0,0,0
1083,2011,0,0,1,0,0,0,0,0,0,0,0,0,0
