1005,2001
1005,2002
1005,2003
1005,2004
1005,2005
1005,2006
1005,2007
1005,2008
1005,2009
1005,2010
1005,2011
1006,2001
1006,2002
1006,2003
1006,2004
1006,2005
1006,2006
1006,2007
1006,2008
1006,2009
1006,2010
1006,2011
1008,2001
1008,2002
1008,2003
1008,2004
1008,2005
1008,2006
1008,2007
1008,2008
1008,2009
1008,2010
1008,2011
1009,2002
1009,2003
1009,2004
1009,2005
1009,2006
1009,2007
1009,2008
1009,2009
1009,2010
1009,2011
1013,2002
1013,2003
1013,2004
1013,2005
1013,2006
1013,2007
1013,2008
1013,2009
1013,2010
1013,2011
1014,2002
1014,2003
1014,2004
1014,2005
1014,2006
1014,2007
1014,2008
1014,2009
1014,2010
1014,2011
1015,2002
1015,2003
1015,2004
1015,2005
1015,2006
1015,2007
1015,2008
1015,2009
1015,2010
1015,2011
1016,2002
1016,2003
1016,2004
1016,2005
1016,2006
1016,2007
1016,2008
1016,2009
1016,2010
1016,2011
1017,2003
1017,2004
1017,2005
1017,2006
1017,2007
1017,2008
1017,2009
1017,2010
1017,2011
1030,2003
1030,2004
1030,2005
1030,2006
1030,2007
1030,2008
1030,2009
1030,2010
1030,2011
1031,2003
1031,2004
1031,2005
1031,2006
1031,2007
1031,2008
1031,2009
1031,2010
1031,2011
1032,2003
1032,2004
1032,2005
1032,2006
1032,2007
1032,2008
1032,2009
1032,2010
1032,2011
1033,2003
1033,2004
1033,2005
1033,2006
1033,2007
1033,2008
1033,2009
1033,2010
1033,2011
1034,2003
1034,2004
1034,2005
1034,2006
1034,2007
1034,2008
1034,2009
1034,2010
1034,2011
1039,2003
1039,2004
1039,2005
1039,2006
1039,2007
1039,2008
1039,2009
1039,2010
1039,2011
1040,2004
1040,2005
1040,2006
1040,2007
1040,2008
1040,2009
1040,2010
1040,2011
1041,2004
1041,2005
1041,2006
1041,2007
1041,2008
1041,2009
1041,2010
1041,2011
1042,2004
1042,2005
1042,2006
1042,2007
1042,2008
1042,2009
1042,2010
1042,2011
1045,2004
1045,2005
1045,2006
1045,2007
1045,2008
1045,2009
1045,2010
1045,2011
1046,2004
1046,2005
1046,2006
1046,2007
1046,2008
1046,2009
1046,2010
1046,2011
1047,2005
1047,2006
1047,2007
1047,2008
1047,2009
1047,2010
1047,2011
1048,2004
1048,2005
1048,2006
1048,2007
1048,2008
1048,2009
1048,2010
1048,2011
1053,2004
1053,2005
1053,2006
1053,2007
1053,2008
1053,2009
1053,2010
1053,2011
1054,2004
1054,2005
1054,2006
1054,2007
1054,2008
1054,2009
1054,2010
1054,2011
1056,2005
1056,2006
1056,2007
1056,2008
1056,2009
1056,2010
1056,2011
1057,2005
1057,2006
1057,2007
1057,2008
1057,2009
1057,2010
1057,2011
1058,2005
1058,2006
1058,2007
1058,2008
1058,2009
1058,2010
1058,2011
1059,2005
1059,2006
1059,2007
1059,2008
1059,2009
1059,2010
1059,2011
1060,2005
1060,2006
1060,2007
1060,2008
1060,2009
1060,2010
1060,2011
1061,2006
1061,2007
1061,2008
1061,2009
1061,2010
1061,2011
1065,2005
1065,2006
1065,2007
1065,2008
1065,2009
1065,2010
1065,2011
1066,2005
1066,2006
1066,2007
1066,2008
1066,2009
1066,2010
1066,2011
1081,2007
1081,2008
1081,2009
1081,2010
1081,2011
1082,2007
1082,2008
1082,2009
1082,2010
1082,2011
1083,2007
1083,2008
1083,2009
1083,2010
1083,2011
1097,2008
1097,2009
1097,2010
1097,2011
1098,2008
1098,2009
1098,2010
1098,2011
1099,2008
1099,2009
1099,2010
1099,2011
1100,2008
1100,2009
1100,2010
1100,2011
1101,2008
1101,2009
1101,2010
1101,2011
1102,2008
1102,2009
1102,2010
1102,2011
1105,2009
1105,2010
1105,2011
1106,2009
1106,2010
1106,2011
1110,2009
1110,2010
1110,2011
1111,2009
1111,2010
1111,2011
1112,2009
1112,2010
1112,2011
1113,2010
1113,2011
1114,2010
1114,2011
1115,2010
1115,2011
1116,2010
1116,2011
1117,2010
1117,2011
1118,2011
1119,2010
1119,2011
1120,2010
1120,2011
1121,2009
1121,2010
1121,2011
1122,2010
1122,2011
1123,2010
1123,2011
1124,2010
1124,2011
1125,2009
1125,2010
1125,2011
1127,2009
1127,2010
1127,2011
1128,2010
1128,2011
1130,2010
1130,2011
1131,2010
1131,2011
1132,2010
1132,2011
1133,2010
1133,2011
1134,2011
1135,2010
1135,2011
1136,2010
1136,2011
1138,2010
1138,2011
1139,2010
1139,2011
1140,2010
1140,2011
1141,2010
1141,2011
1142,2010
1142,2011
1144,2011
1145,2011
1146,2011
1147,2011
1149,2011
1151,2011
1156,2011
1168,2011
1169,2011
1170,2011
2029,2000
2029,2001
2029,2002
2029,2003
2029,2004
2029,2005
2029,2006
2029,2007
2029,2008
2029,2009
2029,2010
2029,2011
303,2001
303,2002
303,2003
303,2004
303,2005
303,2006
303,2007
303,2008
303,2009
303,2010
303,2011
305,2001
305,2002
305,2003
305,2004
305,2005
305,2006
305,2007
305,2008
305,2009
305,2010
305,2011
306,1997
306,1998
306,1999
306,2000
306,2001
306,2002
306,2003
306,2004
306,2005
306,2006
306,2007
306,2008
306,2009
306,2010
306,2011
307,2001
307,2002
307,2003
307,2004
307,2005
307,2006
307,2007
307,2008
307,2009
307,2010
307,2011
308,2001
308,2002
308,2003
308,2004
308,2005
308,2006
308,2007
308,2008
308,2009
308,2010
308,2011
309,2001
309,2002
309,2003
309,2004
309,2005
309,2006
309,2007
309,2008
309,2009
309,2010
309,2011
310,2001
310,2002
310,2003
310,2004
310,2005
310,2006
310,2007
310,2008
310,2009
310,2010
310,2011
311,2001
311,2002
311,2003
311,2004
311,2005
311,2006
311,2007
311,2008
311,2009
311,2010
311,2011
312,2001
312,2002
312,2003
312,2004
312,2005
312,2006
312,2007
312,2008
312,2009
312,2010
312,2011
313,2001
313,2002
313,2003
313,2004
313,2005
313,2006
313,2007
313,2008
313,2009
313,2010
313,2011
314,2001
314,2002
314,2003
314,2004
314,2005
314,2006
314,2007
314,2008
314,2009
314,2010
314,2011
315,2001
315,2002
315,2003
315,2004
315,2005
315,2006
315,2007
315,2008
315,2009
315,2010
315,2011
316,2001
316,2002
316,2003
316,2004
316,2005
316,2006
316,2007
316,2008
316,2009
316,2010
316,2011
317,2001
317,2002
317,2003
317,2004
317,2005
317,2006
317,2007
317,2008
317,2009
317,2010
317,2011
318,2001
318,2002
318,2003
318,2004
318,2005
318,2006
318,2007
318,2008
318,2009
318,2010
318,2011
319,2001
319,2002
319,2003
319,2004
319,2005
319,2006
319,2007
319,2008
319,2009
319,2010
319,2011
320,2001
320,2002
320,2003
320,2004
320,2005
320,2006
320,2007
320,2008
320,2009
320,2010
320,2011
321,2001
321,2002
321,2003
321,2004
321,2005
321,2006
321,2007
321,2008
321,2009
321,2010
321,2011
322,2001
322,2002
322,2003
322,2004
322,2005
322,2006
322,2007
322,2008
322,2009
322,2010
322,2011
323,2001
323,2002
323,2003
323,2004
323,2005
323,2006
323,2007
323,2008
323,2009
323,2010
323,2011
324,2001
324,2002
324,2003
324,2004
324,2005
324,2006
324,2007
324,2008
324,2009
324,2010
324,2011
325,2001
325,2002
325,2003
325,2004
325,2005
325,2006
325,2007
325,2008
325,2009
325,2010
325,2011
326,2001
326,2002
326,2003
326,2004
326,2005
326,2006
326,2007
326,2008
326,2009
326,2010
326,2011
327,2001
327,2002
327,2003
327,2004
327,2005
327,2006
327,2007
327,2008
327,2009
327,2010
327,2011
328,2001
328,2002
328,2003
328,2004
328,2005
328,2006
328,2007
328,2008
328,2009
328,2010
328,2011
329,2001
329,2002
329,2003
329,2004
329,2005
329,2006
329,2007
329,2008
329,2009
329,2010
329,2011
330,2001
330,2002
330,2003
330,2004
330,2005
330,2006
330,2007
330,2008
330,2009
330,2010
330,2011
332,2001
332,2002
332,2003
332,2004
332,2005
332,2006
332,2007
332,2008
332,2009
332,2010
332,2011
333,2001
333,2002
333,2003
333,2004
333,2005
333,2006
333,2007
333,2008
333,2009
333,2010
333,2011
334,2001
334,2002
334,2003
334,2004
334,2005
334,2006
334,2007
334,2008
334,2009
334,2010
334,2011
335,2001
335,2002
335,2003
335,2004
335,2005
335,2006
335,2007
335,2008
335,2009
335,2010
335,2011
336,2001
336,2002
336,2003
336,2004
336,2005
336,2006
336,2007
336,2008
336,2009
336,2010
336,2011
337,2001
337,2002
337,2003
337,2004
337,2005
337,2006
337,2007
337,2008
337,2009
337,2010
337,2011
338,2001
338,2002
338,2003
338,2004
338,2005
338,2006
338,2007
338,2008
338,2009
338,2010
338,2011
339,2001
339,2002
339,2003
339,2004
339,2005
339,2006
339,2007
339,2008
339,2009
339,2010
339,2011
340,2001
340,2002
340,2003
340,2004
340,2005
340,2006
340,2007
340,2008
340,2009
340,2010
340,2011
342,2001
342,2002
342,2003
342,2004
342,2005
342,2006
342,2007
342,2008
342,2009
342,2010
342,2011
345,2001
345,2002
345,2003
345,2004
345,2005
345,2006
345,2007
345,2008
345,2009
345,2010
345,2011
346,2001
346,2002
346,2003
346,2004
346,2005
346,2006
346,2007
346,2008
346,2009
346,2010
346,2011
347,2001
347,2002
347,2003
347,2004
347,2005
347,2006
347,2007
347,2008
347,2009
347,2010
347,2011
348,2001
348,2002
348,2003
348,2004
348,2005
348,2006
348,2007
348,2008
348,2009
348,2010
348,2011
349,2001
349,2002
349,2003
349,2004
349,2005
349,2006
349,2007
349,2008
349,2009
349,2010
349,2011
350,2001
350,2002
350,2003
350,2004
350,2005
350,2006
350,2007
350,2008
350,2009
350,2010
350,2011
353,2001
353,2002
353,2003
353,2004
353,2005
353,2006
353,2007
353,2008
353,2009
353,2010
353,2011
355,2001
355,2002
355,2003
355,2004
355,2005
355,2006
355,2007
355,2008
355,2009
355,2010
355,2011
358,2001
358,2002
358,2003
358,2004
358,2005
358,2006
358,2007
358,2008
358,2009
358,2010
358,2011
359,2001
359,2002
359,2003
359,2004
359,2005
359,2006
359,2007
359,2008
359,2009
359,2010
360,2001
360,2002
360,2003
360,2004
360,2005
360,2006
360,2007
360,2008
360,2009
360,2010
360,2011
363,2001
363,2002
363,2003
363,2004
363,2005
363,2006
363,2007
363,2008
363,2009
363,2010
363,2011
364,2001
364,2002
364,2003
364,2004
364,2005
364,2006
364,2007
364,2008
364,2009
364,2010
364,2011
365,2001
365,2002
365,2003
365,2004
365,2005
365,2006
365,2007
365,2008
365,2009
365,2010
365,2011
366,2001
366,2002
366,2003
366,2004
366,2005
366,2006
366,2007
366,2008
366,2009
366,2010
366,2011
367,2001
367,2002
367,2003
367,2004
367,2005
367,2006
367,2007
367,2008
367,2009
367,2010
367,2011
368,2001
368,2002
368,2003
368,2004
368,2005
368,2006
368,2007
368,2008
368,2009
368,2010
368,2011
369,2001
369,2002
369,2003
369,2004
369,2005
369,2006
369,2007
369,2008
369,2009
369,2010
369,2011
370,2001
370,2002
370,2003
370,2004
370,2005
370,2006
370,2007
370,2008
370,2009
370,2010
371,2001
371,2002
371,2003
371,2004
371,2005
371,2006
371,2007
371,2008
371,2009
371,2010
371,2011
373,2001
373,2002
373,2003
373,2004
373,2005
373,2006
373,2007
373,2008
373,2009
373,2010
373,2011
374,2001
374,2002
374,2003
374,2004
374,2005
374,2006
374,2007
374,2008
374,2009
374,2010
374,2011
377,2001
377,2002
377,2003
377,2004
377,2005
377,2006
377,2007
377,2008
377,2009
377,2010
377,2011
378,2001
378,2002
378,2003
378,2004
378,2005
378,2006
378,2007
378,2008
378,2009
378,2010
378,2011
379,2001
379,2002
379,2003
379,2004
379,2005
379,2006
379,2007
379,2008
379,2009
379,2010
379,2011
380,2001
380,2002
380,2003
380,2004
380,2005
380,2006
380,2007
380,2008
380,2009
380,2010
380,2011
381,2001
381,2002
381,2003
381,2004
381,2005
381,2006
381,2007
381,2008
381,2009
381,2010
381,2011
382,2001
382,2002
382,2003
382,2004
382,2005
382,2006
382,2007
382,2008
382,2009
382,2010
382,2011
383,2001
383,2002
383,2003
383,2004
383,2005
383,2006
383,2007
383,2008
383,2009
383,2010
383,2011
384,2001
384,2002
384,2003
384,2004
384,2005
384,2006
384,2007
384,2008
384,2009
384,2010
384,2011
385,2001
385,2002
385,2003
385,2004
385,2005
385,2006
385,2007
385,2008
385,2009
385,2010
385,2011
386,2001
386,2002
386,2003
386,2004
386,2005
386,2006
386,2007
386,2008
386,2009
386,2010
386,2011
387,2001
387,2002
387,2003
387,2004
387,2005
387,2006
387,2007
387,2008
387,2009
387,2010
387,2011
389,2001
389,2002
389,2003
389,2004
389,2005
389,2006
389,2007
389,2008
389,2009
389,2010
389,2011
390,2001
390,2002
390,2003
390,2004
390,2005
390,2006
390,2007
390,2008
390,2009
390,2010
390,2011
392,2001
392,2002
392,2003
392,2004
392,2005
392,2006
392,2007
392,2008
392,2009
392,2010
392,2011
393,2001
393,2002
393,2003
393,2004
393,2005
393,2006
393,2007
393,2008
393,2009
393,2010
393,2011
394,2001
394,2002
394,2003
394,2004
394,2005
394,2006
394,2007
394,2008
394,2009
394,2010
394,2011
396,2001
396,2002
396,2003
396,2004
396,2005
396,2006
396,2007
396,2008
396,2009
396,2010
396,2011
399,2001
399,2002
399,2003
399,2004
399,2005
399,2006
399,2007
399,2008
399,2009
399,2010
399,2011
400,2001
400,2002
400,2003
400,2004
400,2005
400,2006
400,2007
400,2008
400,2009
400,2010
400,2011
402,2001
402,2002
402,2003
402,2004
402,2005
402,2006
402,2007
402,2008
402,2009
402,2010
402,2011
403,2001
403,2002
403,2003
403,2004
403,2005
403,2006
403,2007
403,2008
403,2009
403,2010
403,2011
405,2001
405,2002
405,2003
405,2004
405,2005
405,2006
405,2007
405,2008
405,2009
405,2010
405,2011
407,2001
407,2002
407,2003
407,2004
407,2005
407,2006
407,2007
407,2008
407,2009
407,2010
407,2011
408,2001
408,2002
408,2003
408,2004
408,2005
408,2006
408,2007
408,2008
408,2009
408,2010
408,2011
409,2001
409,2002
409,2003
409,2004
409,2005
409,2006
409,2007
409,2008
409,2009
409,2010
409,2011
410,2001
410,2002
410,2003
410,2004
410,2005
410,2006
410,2007
410,2008
410,2009
410,2010
410,2011
411,2001
411,2002
411,2003
411,2004
411,2005
411,2006
411,2007
411,2008
411,2009
411,2010
411,2011
412,2001
412,2002
412,2003
412,2004
412,2005
412,2006
412,2007
412,2008
412,2009
412,2010
412,2011
413,2001
413,2002
413,2003
413,2004
413,2005
413,2006
413,2007
413,2008
413,2009
413,2010
413,2011
414,2001
414,2002
414,2003
414,2004
414,2005
414,2006
414,2007
414,2008
414,2009
414,2010
414,2011
415,2001
415,2002
415,2003
415,2004
415,2005
415,2006
415,2007
415,2008
415,2009
415,2010
415,2011
416,2001
416,2002
416,2003
416,2004
416,2005
416,2006
416,2007
416,2008
416,2009
416,2010
416,2011
417,2001
417,2002
417,2003
417,2004
417,2005
417,2006
417,2007
417,2008
417,2009
417,2010
417,2011
419,2001
419,2002
419,2003
419,2004
419,2005
419,2006
419,2007
419,2008
419,2009
419,2010
419,2011
423,2001
423,2002
423,2003
423,2004
423,2005
423,2006
423,2007
423,2008
423,2009
423,2010
423,2011
424,2001
424,2002
424,2003
424,2004
424,2005
424,2006
424,2007
424,2008
424,2009
424,2010
424,2011
425,2001
425,2002
425,2003
425,2004
425,2005
425,2006
425,2007
425,2008
425,2009
425,2010
425,2011
426,2001
426,2002
426,2003
426,2004
426,2005
426,2006
426,2007
426,2008
426,2009
426,2010
426,2011
427,2001
427,2002
427,2003
427,2004
427,2005
427,2006
427,2007
427,2008
427,2009
427,2010
427,2011
430,2001
430,2002
430,2003
430,2004
430,2005
430,2006
430,2007
430,2008
430,2009
430,2010
430,2011
431,2001
431,2002
431,2003
431,2004
431,2005
431,2006
431,2007
431,2008
431,2009
431,2010
431,2011
432,2001
432,2002
432,2003
432,2004
432,2005
432,2006
432,2007
432,2008
432,2009
432,2010
432,2011
433,2001
433,2002
433,2003
433,2004
433,2005
433,2006
433,2007
433,2008
433,2009
433,2010
433,2011
435,2001
435,2002
435,2003
435,2004
435,2005
435,2006
435,2007
435,2008
435,2009
435,2010
435,2011
436,2001
436,2002
436,2003
436,2004
436,2005
436,2006
436,2007
436,2008
436,2009
436,2010
436,2011
437,2001
437,2002
437,2003
437,2004
437,2005
437,2006
437,2007
437,2008
437,2009
437,2010
437,2011
438,2001
438,2002
438,2003
438,2004
438,2005
438,2006
438,2007
438,2008
438,2009
438,2010
438,2011
439,2001
439,2002
439,2003
439,2004
439,2005
439,2006
439,2007
439,2008
439,2009
439,2010
439,2011
443,2001
443,2002
443,2003
443,2004
443,2005
443,2006
443,2007
443,2008
443,2009
443,2010
443,2011
444,2001
444,2002
444,2003
444,2004
444,2005
444,2006
444,2007
444,2008
444,2009
444,2010
444,2011
445,2001
445,2002
445,2003
445,2004
445,2005
445,2006
445,2007
445,2008
445,2009
445,2010
445,2011
448,2001
448,2002
448,2003
448,2004
448,2005
448,2006
448,2007
448,2008
448,2009
448,2010
448,2011
449,2001
449,2002
449,2003
449,2004
449,2005
449,2006
449,2007
449,2008
449,2009
449,2010
449,2011
450,2001
450,2002
450,2003
450,2004
450,2005
450,2006
450,2007
450,2008
450,2009
450,2010
450,2011
451,2001
451,2002
451,2003
451,2004
451,2005
451,2006
451,2007
451,2008
451,2009
451,2010
451,2011
452,2001
452,2002
452,2003
452,2004
452,2005
452,2006
452,2007
452,2008
452,2009
452,2010
452,2011
453,2001
453,2002
453,2003
453,2004
453,2005
453,2006
453,2007
453,2008
453,2009
453,2010
453,2011
454,2001
454,2002
454,2003
454,2004
454,2005
454,2006
454,2007
454,2008
454,2009
454,2010
454,2011
455,2001
455,2002
455,2003
455,2004
455,2005
455,2006
455,2007
455,2008
455,2009
455,2010
455,2011
457,2001
457,2002
457,2003
457,2004
457,2005
457,2006
457,2007
457,2008
457,2009
457,2010
457,2011
458,2001
458,2002
458,2003
458,2004
458,2005
458,2006
458,2007
458,2008
458,2009
458,2010
458,2011
460,2001
460,2002
460,2003
460,2004
460,2005
460,2006
460,2007
460,2008
460,2009
460,2010
460,2011
461,2001
461,2002
461,2003
461,2004
461,2005
461,2006
461,2007
461,2008
461,2009
461,2010
461,2011
465,2001
465,2002
465,2003
465,2004
465,2005
465,2006
465,2007
465,2008
465,2009
465,2010
465,2011
466,2001
466,2002
466,2003
466,2004
466,2005
466,2006
466,2007
466,2008
466,2009
466,2010
466,2011
467,2001
467,2002
467,2003
467,2004
467,2005
467,2006
467,2007
467,2008
467,2009
467,2010
467,2011
468,2001
468,2002
468,2003
468,2004
468,2005
468,2006
468,2007
468,2008
468,2009
468,2010
468,2011
469,2001
469,2002
469,2003
469,2004
469,2005
469,2006
469,2007
469,2008
469,2009
469,2010
469,2011
471,2001
471,2002
471,2003
471,2004
471,2005
471,2006
471,2007
471,2008
471,2009
471,2010
471,2011
472,2001
472,2002
472,2003
472,2004
472,2005
472,2006
472,2007
472,2008
472,2009
472,2010
472,2011
474,2001
474,2002
474,2003
474,2004
474,2005
474,2006
474,2007
474,2008
474,2009
474,2010
474,2011
475,2001
475,2002
475,2003
475,2004
475,2005
475,2006
475,2007
475,2008
475,2009
475,2010
475,2011
476,2001
476,2002
476,2003
476,2004
476,2005
476,2006
476,2007
476,2008
476,2009
476,2010
476,2011
480,2001
480,2002
480,2003
480,2004
480,2005
480,2006
480,2007
480,2008
480,2009
480,2010
480,2011
481,2001
481,2002
481,2003
481,2004
481,2005
481,2006
481,2007
481,2008
481,2009
481,2010
481,2011
482,1999
482,2000
482,2001
482,2002
482,2003
482,2004
482,2005
482,2006
482,2007
482,2008
482,2009
482,2010
482,2011
484,2001
484,2002
484,2003
484,2004
484,2005
484,2006
484,2007
484,2008
484,2009
484,2010
484,2011
485,2001
485,2002
485,2003
485,2004
485,2005
485,2006
485,2007
485,2008
485,2009
485,2010
485,2011
486,2001
486,2002
486,2003
486,2004
486,2005
486,2006
486,2007
486,2008
486,2009
486,2010
486,2011
487,2001
487,2002
487,2003
487,2004
487,2005
487,2006
487,2007
487,2008
487,2009
487,2010
487,2011
488,2001
488,2002
488,2003
488,2004
488,2005
488,2006
488,2007
488,2008
488,2009
488,2010
488,2011
489,2001
489,2002
489,2003
489,2004
489,2005
489,2006
489,2007
489,2008
489,2009
489,2010
489,2011
490,2001
490,2002
490,2003
490,2004
490,2005
490,2006
490,2007
490,2008
490,2009
490,2010
490,2011
491,2001
491,2002
491,2003
491,2004
491,2005
491,2006
491,2007
491,2008
491,2009
491,2010
491,2011
492,2001
492,2002
492,2003
492,2004
492,2005
492,2006
492,2007
492,2008
492,2009
492,2010
492,2011
493,2001
493,2002
493,2003
493,2004
493,2005
493,2006
493,2007
493,2008
493,2009
493,2010
493,2011
495,2001
495,2002
495,2003
495,2004
495,2005
495,2006
495,2007
495,2008
495,2009
495,2010
495,2011
496,2001
496,2002
496,2003
496,2004
496,2005
496,2006
496,2007
496,2008
496,2009
496,2010
496,2011
497,2001
497,2002
497,2003
497,2004
497,2005
497,2006
497,2007
497,2008
497,2009
497,2010
497,2011
498,2001
498,2002
498,2003
498,2004
498,2005
498,2006
498,2007
498,2008
498,2009
498,2010
498,2011
499,2001
499,2002
499,2003
499,2004
499,2005
499,2006
499,2007
499,2008
499,2009
499,2010
499,2011
500,2001
500,2002
500,2003
500,2004
500,2005
500,2006
500,2007
500,2008
500,2009
500,2010
500,2011
501,2001
501,2002
501,2003
501,2004
501,2005
501,2006
501,2007
501,2008
501,2009
501,2010
501,2011
503,2001
503,2002
503,2003
503,2004
503,2005
503,2006
503,2007
503,2008
503,2009
503,2010
503,2011
505,2001
505,2002
505,2003
505,2004
505,2005
505,2006
505,2007
505,2008
505,2009
505,2010
505,2011
506,2001
506,2002
506,2003
506,2004
506,2005
506,2006
506,2007
506,2008
506,2009
506,2010
506,2011
509,2001
509,2002
509,2003
509,2004
509,2005
509,2006
509,2007
509,2008
509,2009
509,2010
509,2011
510,2001
510,2002
510,2003
510,2004
510,2005
510,2006
510,2007
510,2008
510,2009
510,2010
510,2011
511,2001
511,2002
511,2003
511,2004
511,2005
511,2006
511,2007
511,2008
511,2009
511,2010
511,2011
512,2001
512,2002
512,2003
512,2004
512,2005
512,2006
512,2007
512,2008
512,2009
512,2010
512,2011
514,2001
514,2002
514,2003
514,2004
514,2005
514,2006
514,2007
514,2008
514,2009
514,2010
514,2011
516,2001
516,2002
516,2003
516,2004
516,2005
516,2006
516,2007
516,2008
516,2009
516,2010
516,2011
517,2001
517,2002
517,2003
517,2004
517,2005
517,2006
517,2007
517,2008
517,2009
517,2010
517,2011
519,2001
519,2002
519,2003
519,2004
519,2005
519,2006
519,2007
519,2008
519,2009
519,2010
519,2011
520,2001
520,2002
520,2003
520,2004
520,2005
520,2006
520,2007
520,2008
520,2009
520,2010
520,2011
521,2001
521,2002
521,2003
521,2004
521,2005
521,2006
521,2007
521,2008
521,2009
521,2010
521,2011
522,2001
522,2002
522,2003
522,2004
522,2005
522,2006
522,2007
522,2008
522,2009
522,2010
522,2011
524,2001
524,2002
524,2003
524,2004
524,2005
524,2006
524,2007
524,2008
524,2009
524,2010
524,2011
525,2001
525,2002
525,2003
525,2004
525,2005
525,2006
525,2007
525,2008
525,2009
525,2010
525,2011
527,2001
527,2002
527,2003
527,2004
527,2005
527,2006
527,2007
527,2008
527,2009
527,2010
527,2011
528,2001
528,2002
528,2003
528,2004
528,2005
528,2006
528,2007
528,2008
528,2009
528,2010
528,2011
530,2001
530,2002
530,2003
530,2004
530,2005
530,2006
530,2007
530,2008
530,2009
530,2010
530,2011
531,2001
531,2002
531,2003
531,2004
531,2005
531,2006
531,2007
531,2008
531,2009
531,2010
531,2011
532,2001
532,2002
532,2003
532,2004
532,2005
532,2006
532,2007
532,2008
532,2009
532,2010
532,2011
533,2001
533,2002
533,2003
533,2004
533,2005
533,2006
533,2007
533,2008
533,2009
533,2010
533,2011
534,2001
534,2002
534,2003
534,2004
534,2005
534,2006
534,2007
534,2008
534,2009
534,2010
534,2011
535,2001
535,2002
535,2003
535,2004
535,2005
535,2006
535,2007
535,2008
535,2009
535,2010
535,2011
537,2001
537,2002
537,2003
537,2004
537,2005
537,2006
537,2007
537,2008
537,2009
537,2010
537,2011
538,2001
538,2002
538,2003
538,2004
538,2005
538,2006
538,2007
538,2008
538,2009
538,2010
538,2011
542,2001
542,2002
542,2003
542,2004
542,2005
542,2006
542,2007
542,2008
542,2009
542,2010
542,2011
543,2001
543,2002
543,2003
543,2004
543,2005
543,2006
543,2007
543,2008
543,2009
543,2010
543,2011
544,2001
544,2002
544,2003
544,2004
544,2005
544,2006
544,2007
544,2008
544,2009
544,2010
544,2011
546,2001
546,2002
546,2003
546,2004
546,2005
546,2006
546,2007
546,2008
546,2009
546,2010
546,2011
547,2001
547,2002
547,2003
547,2004
547,2005
547,2006
547,2007
547,2008
547,2009
547,2010
547,2011
548,2001
548,2002
548,2003
548,2004
548,2005
548,2006
548,2007
548,2008
548,2009
548,2010
548,2011
549,2001
549,2002
549,2003
549,2004
549,2005
549,2006
549,2007
549,2008
549,2009
549,2010
549,2011
550,1997
550,1998
550,1999
550,2000
550,2001
550,2002
550,2003
550,2004
550,2005
550,2006
550,2007
550,2008
550,2009
550,2010
550,2011
551,2001
551,2002
551,2003
551,2004
551,2005
551,2006
551,2007
551,2008
551,2009
551,2010
551,2011
554,2001
554,2002
554,2003
554,2004
554,2005
554,2006
554,2007
554,2008
554,2009
554,2010
554,2011
555,2001
555,2002
555,2003
555,2004
555,2005
555,2006
555,2007
555,2008
555,2009
555,2010
555,2011
556,2001
556,2002
556,2003
556,2004
556,2005
556,2006
556,2007
556,2008
556,2009
556,2010
556,2011
557,2001
557,2002
557,2003
557,2004
557,2005
557,2006
557,2007
557,2008
557,2009
557,2010
557,2011
559,2001
559,2002
559,2003
559,2004
559,2005
559,2006
559,2007
559,2008
559,2009
559,2010
559,2011
560,2001
560,2002
560,2003
560,2004
560,2005
560,2006
560,2007
560,2008
560,2009
560,2010
560,2011
561,2001
561,2002
561,2003
561,2004
561,2005
561,2006
561,2007
561,2008
561,2009
561,2010
561,2011
562,2001
562,2002
562,2003
562,2004
562,2005
562,2006
562,2007
562,2008
562,2009
562,2010
562,2011
564,2001
564,2002
564,2003
564,2004
564,2005
564,2006
564,2007
564,2008
564,2009
564,2010
564,2011
565,2001
565,2002
565,2003
565,2004
565,2005
565,2006
565,2007
565,2008
565,2009
565,2010
565,2011
566,2001
566,2002
566,2003
566,2004
566,2005
566,2006
566,2007
566,2008
566,2009
566,2010
566,2011
567,2001
567,2002
567,2003
567,2004
567,2005
567,2006
567,2007
567,2008
567,2009
567,2010
567,2011
568,2001
568,2002
568,2003
568,2004
568,2005
568,2006
568,2007
568,2008
568,2009
568,2010
568,2011
569,2001
569,2002
569,2003
569,2004
569,2005
569,2006
569,2007
569,2008
569,2009
569,2010
569,2011
570,2001
570,2002
570,2003
570,2004
570,2005
570,2006
570,2007
570,2008
570,2009
570,2010
570,2011
571,2001
571,2002
571,2003
571,2004
571,2005
571,2006
571,2007
571,2008
571,2009
571,2010
571,2011
572,2001
572,2002
572,2003
572,2004
572,2005
572,2006
572,2007
572,2008
572,2009
572,2010
572,2011
573,2001
573,2002
573,2003
573,2004
573,2005
573,2006
573,2007
573,2008
573,2009
573,2010
573,2011
576,2001
576,2002
576,2003
576,2004
576,2005
576,2006
576,2007
576,2008
576,2009
576,2010
576,2011
577,2001
577,2002
577,2003
577,2004
577,2005
577,2006
577,2007
577,2008
577,2009
577,2010
577,2011
578,2001
578,2002
578,2003
578,2004
578,2005
578,2006
578,2007
578,2008
578,2009
578,2010
578,2011
579,2001
579,2002
579,2003
579,2004
579,2005
579,2006
579,2007
579,2008
579,2009
579,2010
579,2011
580,2001
580,2002
580,2003
580,2004
580,2005
580,2006
580,2007
580,2008
580,2009
580,2010
580,2011
581,2006
581,2007
581,2008
581,2009
581,2010
582,2001
582,2002
582,2003
582,2004
582,2005
582,2006
582,2007
582,2008
582,2009
582,2010
582,2011
583,2001
583,2002
583,2003
583,2004
583,2005
583,2006
583,2007
583,2008
583,2009
583,2010
583,2011
585,2001
585,2002
585,2003
585,2004
585,2005
585,2006
585,2007
585,2008
585,2009
585,2010
585,2011
586,2001
586,2002
586,2003
586,2004
586,2005
586,2006
586,2007
586,2008
586,2009
586,2010
586,2011
588,2001
588,2002
588,2003
588,2004
588,2005
588,2006
588,2007
588,2008
588,2009
588,2010
588,2011
589,2001
589,2002
589,2003
589,2004
589,2005
589,2006
589,2007
589,2008
589,2009
589,2010
589,2011
590,2001
590,2002
590,2003
590,2004
590,2005
590,2006
590,2007
590,2008
590,2009
590,2010
590,2011
592,2001
592,2002
592,2003
592,2004
592,2005
592,2006
592,2007
592,2008
592,2009
592,2010
592,2011
593,2001
593,2002
593,2003
593,2004
593,2005
593,2006
593,2007
593,2008
593,2009
593,2010
593,2011
594,2001
594,2002
594,2003
594,2004
594,2005
594,2006
594,2007
594,2008
594,2009
594,2010
594,2011
595,2001
595,2002
595,2003
595,2004
595,2005
595,2006
595,2007
595,2008
595,2009
595,2010
595,2011
596,2001
596,2002
596,2003
596,2004
596,2005
596,2006
596,2007
596,2008
596,2009
596,2010
596,2011
597,2001
597,2002
597,2003
597,2004
597,2005
597,2006
597,2007
597,2008
597,2009
597,2010
597,2011
600,2001
600,2002
600,2003
600,2004
600,2005
600,2006
600,2007
600,2008
600,2009
600,2010
600,2011
601,2001
601,2002
601,2003
601,2004
601,2005
601,2006
601,2007
601,2008
601,2009
601,2010
601,2011
602,2001
602,2002
602,2003
602,2004
602,2005
602,2006
602,2007
602,2008
602,2009
602,2010
602,2011
603,2001
603,2002
603,2003
603,2004
603,2005
603,2006
603,2007
603,2008
603,2009
603,2010
603,2011
604,2001
604,2002
604,2003
604,2004
604,2005
604,2006
604,2007
604,2008
604,2009
604,2010
604,2011
607,2001
607,2002
607,2003
607,2004
607,2005
607,2006
607,2007
607,2008
607,2009
607,2010
607,2011
609,2001
609,2002
609,2003
609,2004
609,2005
609,2006
609,2007
609,2008
609,2009
609,2010
609,2011
610,2001
610,2002
610,2003
610,2004
610,2005
610,2006
610,2007
610,2008
610,2009
610,2010
610,2011
612,2001
612,2002
612,2003
612,2004
612,2005
612,2006
612,2007
612,2008
612,2009
612,2010
612,2011
613,1999
613,2000
613,2001
613,2002
613,2003
613,2004
613,2005
613,2006
613,2007
613,2008
613,2009
613,2010
613,2011
615,2001
615,2002
615,2003
615,2004
615,2005
615,2006
615,2007
615,2008
615,2009
615,2010
615,2011
616,2001
616,2002
616,2003
616,2004
616,2005
616,2006
616,2007
616,2008
616,2009
616,2010
616,2011
617,2001
617,2002
617,2003
617,2004
617,2005
617,2006
617,2007
617,2008
617,2009
617,2010
617,2011
618,2001
618,2002
618,2003
618,2004
618,2005
618,2006
618,2007
618,2008
618,2009
618,2010
618,2011
620,2001
620,2002
620,2003
620,2004
620,2005
620,2006
620,2007
620,2008
620,2009
620,2010
620,2011
621,2001
621,2002
621,2003
621,2004
621,2005
621,2006
621,2007
621,2008
621,2009
621,2010
621,2011
622,2001
622,2002
622,2003
622,2004
622,2005
622,2006
622,2007
622,2008
622,2009
622,2010
622,2011
623,2001
623,2002
623,2003
623,2004
623,2005
623,2006
623,2007
623,2008
623,2009
623,2010
623,2011
624,2001
624,2002
624,2003
624,2004
624,2005
624,2006
624,2007
624,2008
624,2009
624,2010
624,2011
625,2001
625,2002
625,2003
625,2004
625,2005
625,2006
625,2007
625,2008
625,2009
625,2010
625,2011
626,2001
626,2002
626,2003
626,2004
626,2005
626,2006
626,2007
626,2008
626,2009
626,2010
626,2011
627,2001
627,2002
627,2003
627,2004
627,2005
627,2006
627,2007
627,2008
627,2009
627,2010
627,2011
628,2001
628,2002
628,2003
628,2004
628,2005
628,2006
628,2007
628,2008
628,2009
628,2010
628,2011
629,2001
629,2002
629,2003
629,2004
629,2005
629,2006
629,2007
629,2008
629,2009
629,2010
629,2011
631,2001
631,2002
631,2003
631,2004
631,2005
631,2006
631,2007
631,2008
631,2009
631,2010
631,2011
632,2001
632,2002
632,2003
632,2004
632,2005
632,2006
632,2007
632,2008
632,2009
632,2010
632,2011
634,2001
634,2002
634,2003
634,2004
634,2005
634,2006
634,2007
634,2008
634,2009
634,2010
634,2011
635,2001
635,2002
635,2003
635,2004
635,2005
635,2006
635,2007
635,2008
635,2009
635,2010
635,2011
636,2001
636,2002
636,2003
636,2004
636,2005
636,2006
636,2007
636,2008
636,2009
636,2010
636,2011
637,2001
637,2002
637,2003
637,2004
637,2005
637,2006
637,2007
637,2008
637,2009
637,2010
637,2011
638,2001
638,2002
638,2003
638,2004
638,2005
638,2006
638,2007
638,2008
638,2009
638,2010
638,2011
639,2001
639,2002
639,2003
639,2004
639,2005
639,2006
639,2007
639,2008
639,2009
639,2010
639,2011
640,2001
640,2002
640,2003
640,2004
640,2005
640,2006
640,2007
640,2008
640,2009
640,2010
640,2011
643,2001
643,2002
643,2003
643,2004
643,2005
643,2006
643,2007
643,2008
643,2009
643,2010
643,2011
645,2001
645,2002
645,2003
645,2004
645,2005
645,2006
645,2007
645,2008
645,2009
645,2010
645,2011
646,2001
646,2002
646,2003
646,2004
646,2005
646,2006
646,2007
646,2008
646,2009
646,2010
646,2011
649,2001
649,2002
649,2003
649,2004
649,2005
649,2006
649,2007
649,2008
649,2009
649,2010
649,2011
650,2001
650,2002
650,2003
650,2004
650,2005
650,2006
650,2007
650,2008
650,2009
650,2010
650,2011
652,2001
652,2002
652,2003
652,2004
652,2005
652,2006
652,2007
652,2008
652,2009
652,2010
652,2011
654,2001
654,2002
654,2003
654,2004
654,2005
654,2006
654,2007
654,2008
654,2009
654,2010
654,2011
656,2001
656,2002
656,2003
656,2004
656,2005
656,2006
656,2007
656,2008
656,2009
656,2010
656,2011
657,2001
657,2002
657,2003
657,2004
657,2005
657,2006
657,2007
657,2008
657,2009
657,2010
657,2011
658,2001
658,2002
658,2003
658,2004
658,2005
658,2006
658,2007
658,2008
658,2009
658,2010
658,2011
661,2001
661,2002
661,2003
661,2004
661,2005
661,2006
661,2007
661,2008
661,2009
661,2010
661,2011
662,2001
662,2002
662,2003
662,2004
662,2005
662,2006
662,2007
662,2008
662,2009
662,2010
662,2011
663,1990
663,1991
663,1992
663,1993
663,1994
663,1995
663,1996
663,1997
663,1998
663,1999
663,2000
663,2001
663,2002
663,2003
663,2004
663,2005
663,2006
663,2007
663,2008
663,2009
663,2010
663,2011
664,2001
664,2002
664,2003
664,2004
664,2005
664,2006
664,2007
664,2008
664,2009
664,2010
664,2011
665,2001
665,2002
665,2003
665,2004
665,2005
665,2006
665,2007
665,2008
665,2009
665,2010
665,2011
667,2001
667,2002
667,2003
667,2004
667,2005
667,2006
667,2007
667,2008
667,2009
667,2010
667,2011
668,2001
668,2002
668,2003
668,2004
668,2005
668,2006
668,2007
668,2008
668,2009
668,2010
668,2011
669,2001
669,2002
669,2003
669,2004
669,2005
669,2006
669,2007
669,2008
669,2009
669,2010
669,2011
670,2001
670,2002
670,2003
670,2004
670,2005
670,2006
670,2007
670,2008
670,2009
670,2010
670,2011
673,2001
673,2002
673,2003
673,2004
673,2005
673,2006
673,2007
673,2008
673,2009
673,2010
673,2011
674,2001
674,2002
674,2003
674,2004
674,2005
674,2006
674,2007
674,2008
674,2009
674,2010
674,2011
675,2001
675,2002
675,2003
675,2004
675,2005
675,2006
675,2007
675,2008
675,2009
675,2010
675,2011
676,2001
676,2002
676,2003
676,2004
676,2005
676,2006
676,2007
676,2008
676,2009
676,2010
676,2011
677,2001
677,2002
677,2003
677,2004
677,2005
677,2006
677,2007
677,2008
677,2009
677,2010
677,2011
680,2001
680,2002
680,2003
680,2004
680,2005
680,2006
680,2007
680,2008
680,2009
680,2010
680,2011
682,2001
682,2002
682,2003
682,2004
682,2005
682,2006
682,2007
682,2008
682,2009
682,2010
682,2011
683,2001
683,2002
683,2003
683,2004
683,2005
683,2006
683,2007
683,2008
683,2009
683,2010
683,2011
684,2001
684,2002
684,2003
684,2004
684,2005
684,2006
684,2007
684,2008
684,2009
684,2010
684,2011
686,2001
686,2002
686,2003
686,2004
686,2005
686,2006
686,2007
686,2008
686,2009
686,2010
686,2011
688,2001
688,2002
688,2003
688,2004
688,2005
688,2006
688,2007
688,2008
688,2009
688,2010
688,2011
689,2001
689,2002
689,2003
689,2004
689,2005
689,2006
689,2007
689,2008
689,2009
689,2010
689,2011
690,2001
690,2002
690,2003
690,2004
690,2005
690,2006
690,2007
690,2008
690,2009
690,2010
690,2011
691,2001
691,2002
691,2003
691,2004
691,2005
691,2006
691,2007
691,2008
691,2009
691,2010
691,2011
693,2001
693,2002
693,2003
693,2004
693,2005
693,2006
693,2007
693,2008
693,2009
693,2010
693,2011
694,2001
694,2002
694,2003
694,2004
694,2005
694,2006
694,2007
694,2008
694,2009
694,2010
694,2011
695,2001
695,2002
695,2003
695,2004
695,2005
695,2006
695,2007
695,2008
695,2009
695,2010
696,2001
696,2002
696,2003
696,2004
696,2005
696,2006
696,2007
696,2008
696,2009
696,2010
696,2011
698,2001
698,2002
698,2003
698,2004
698,2005
698,2006
698,2007
698,2008
698,2009
698,2010
698,2011
700,2001
700,2002
700,2003
700,2004
700,2005
700,2006
700,2007
700,2008
700,2009
700,2010
700,2011
701,2001
701,2002
701,2003
701,2004
701,2005
701,2006
701,2007
701,2008
701,2009
701,2010
701,2011
703,2001
703,2002
703,2003
703,2004
703,2005
703,2006
703,2007
703,2008
703,2009
703,2010
703,2011
704,2001
704,2002
704,2003
704,2004
704,2005
704,2006
704,2007
704,2008
704,2009
704,2010
704,2011
705,2001
705,2002
705,2003
705,2004
705,2005
705,2006
705,2007
705,2008
705,2009
705,2010
705,2011
708,2001
708,2002
708,2003
708,2004
708,2005
708,2006
708,2007
708,2008
708,2009
708,2010
708,2011
709,2001
709,2002
709,2003
709,2004
709,2005
709,2006
709,2007
709,2008
709,2009
709,2010
709,2011
713,2001
713,2002
713,2003
713,2004
713,2005
713,2006
713,2007
713,2008
713,2009
713,2010
713,2011
714,2001
714,2002
714,2003
714,2004
714,2005
714,2006
714,2007
714,2008
714,2009
714,2010
714,2011
715,2001
715,2002
715,2003
715,2004
715,2005
715,2006
715,2007
715,2008
715,2009
715,2010
715,2011
716,2001
716,2002
716,2003
716,2004
716,2005
716,2006
716,2007
716,2008
716,2009
716,2010
716,2011
717,2001
717,2002
717,2003
717,2004
717,2005
717,2006
717,2007
717,2008
717,2009
717,2010
717,2011
718,2001
718,2002
718,2003
718,2004
718,2005
718,2006
718,2007
718,2008
718,2009
718,2010
718,2011
720,2001
720,2002
720,2003
720,2004
720,2005
720,2006
720,2007
720,2008
720,2009
720,2010
720,2011
722,2001
722,2002
722,2003
722,2004
722,2005
722,2006
722,2007
722,2008
722,2009
722,2010
722,2011
723,2001
723,2002
723,2003
723,2004
723,2005
723,2006
723,2007
723,2008
723,2009
723,2010
723,2011
725,2001
725,2002
725,2003
725,2004
725,2005
725,2006
725,2007
725,2008
725,2009
725,2010
725,2011
727,2001
727,2002
727,2003
727,2004
727,2005
727,2006
727,2007
727,2008
727,2009
727,2010
727,2011
730,2001
730,2002
730,2003
730,2004
730,2005
730,2006
730,2007
730,2008
730,2009
730,2010
730,2011
731,2001
731,2002
731,2003
731,2004
731,2005
731,2006
731,2007
731,2008
731,2009
731,2010
731,2011
732,2001
732,2002
732,2003
732,2004
732,2005
732,2006
732,2007
732,2008
732,2009
732,2010
732,2011
735,2001
735,2002
735,2003
735,2004
735,2005
735,2006
735,2007
735,2008
735,2009
735,2010
735,2011
737,2001
737,2002
737,2003
737,2004
737,2005
737,2006
737,2007
737,2008
737,2009
737,2010
737,2011
738,2001
738,2002
738,2003
738,2004
738,2005
738,2006
738,2007
738,2008
738,2009
738,2010
738,2011
739,2001
739,2002
739,2003
739,2004
739,2005
739,2006
739,2007
739,2008
739,2009
739,2010
739,2011
740,2001
740,2002
740,2003
740,2004
740,2005
740,2006
740,2007
740,2008
740,2009
740,2010
740,2011
741,2001
741,2002
741,2003
741,2004
741,2005
741,2006
741,2007
741,2008
741,2009
741,2010
741,2011
742,2001
742,2002
742,2003
742,2004
742,2005
742,2006
742,2007
742,2008
742,2009
742,2010
742,2011
744,2001
744,2002
744,2003
744,2004
744,2005
744,2006
744,2007
744,2008
744,2009
744,2010
744,2011
746,2001
746,2002
746,2003
746,2004
746,2005
746,2006
746,2007
746,2008
746,2009
746,2010
746,2011
747,2001
747,2002
747,2003
747,2004
747,2005
747,2006
747,2007
747,2008
747,2009
747,2010
747,2011
749,2001
749,2002
749,2003
749,2004
749,2005
749,2006
749,2007
749,2008
749,2009
749,2010
749,2011
750,1996
750,1997
750,1998
750,1999
750,2000
750,2001
750,2002
750,2003
750,2004
750,2005
750,2006
750,2007
750,2008
750,2009
750,2010
750,2011
751,2001
751,2002
751,2003
751,2004
751,2005
751,2006
751,2007
751,2008
751,2009
751,2010
751,2011
752,2001
752,2002
752,2003
752,2004
752,2005
752,2006
752,2007
752,2008
752,2009
752,2010
752,2011
753,2001
753,2002
753,2003
753,2004
753,2005
753,2006
753,2007
753,2008
753,2009
753,2010
753,2011
754,2001
754,2002
754,2003
754,2004
754,2005
754,2006
754,2007
754,2008
754,2009
754,2010
754,2011
755,2001
755,2002
755,2003
755,2004
755,2005
755,2006
755,2007
755,2008
755,2009
755,2010
755,2011
757,2001
757,2002
757,2003
757,2004
757,2005
757,2006
757,2007
757,2008
757,2009
757,2010
757,2011
760,2001
760,2002
760,2003
760,2004
760,2005
760,2006
760,2007
760,2008
760,2009
760,2010
760,2011
761,2001
761,2002
761,2003
761,2004
761,2005
761,2006
761,2007
761,2008
761,2009
761,2010
761,2011
762,2001
762,2002
762,2003
762,2004
762,2005
762,2006
762,2007
762,2008
762,2009
762,2010
762,2011
763,2001
763,2002
763,2003
763,2004
763,2005
763,2006
763,2007
763,2008
763,2009
763,2010
763,2011
764,2001
764,2002
764,2003
764,2004
764,2005
764,2006
764,2007
764,2008
764,2009
764,2010
764,2011
765,2001
765,2002
765,2003
765,2004
765,2005
765,2006
765,2007
765,2008
765,2009
765,2010
765,2011
766,2001
766,2002
766,2003
766,2004
766,2005
766,2006
766,2007
766,2008
766,2009
766,2010
766,2011
769,2001
769,2002
769,2003
769,2004
769,2005
769,2006
769,2007
769,2008
769,2009
769,2010
769,2011
770,2001
770,2002
770,2003
770,2004
770,2005
770,2006
770,2007
770,2008
770,2009
770,2010
770,2011
772,2001
772,2002
772,2003
772,2004
772,2005
772,2006
772,2007
772,2008
772,2009
772,2010
772,2011
773,2001
773,2002
773,2003
773,2004
773,2005
773,2006
773,2007
773,2008
773,2009
773,2010
773,2011
774,2001
774,2002
774,2003
774,2004
774,2005
774,2006
774,2007
774,2008
774,2009
774,2010
774,2011
775,2001
775,2002
775,2003
775,2004
775,2005
775,2006
775,2007
775,2008
775,2009
775,2010
775,2011
779,2001
779,2002
779,2003
779,2004
779,2005
779,2006
779,2007
779,2008
779,2009
779,2010
779,2011
780,2001
780,2002
780,2003
780,2004
780,2005
780,2006
780,2007
780,2008
780,2009
780,2010
780,2011
781,2001
781,2002
781,2003
781,2004
781,2005
781,2006
781,2007
781,2008
781,2009
781,2010
781,2011
782,2001
782,2002
782,2003
782,2004
782,2005
782,2006
782,2007
782,2008
782,2010
782,2011
783,2001
783,2002
783,2003
783,2004
783,2005
783,2006
783,2007
783,2008
783,2009
783,2010
783,2011
786,2001
786,2002
786,2003
786,2004
786,2005
786,2006
786,2007
786,2008
786,2009
786,2010
786,2011
787,2001
787,2002
787,2003
787,2004
787,2005
787,2006
787,2007
787,2008
787,2009
787,2010
787,2011
790,2001
790,2002
790,2003
790,2004
790,2005
790,2006
790,2007
790,2008
790,2009
790,2010
790,2011
792,2001
792,2002
792,2003
792,2004
792,2005
792,2006
792,2007
792,2008
792,2009
792,2010
792,2011
793,2001
793,2002
793,2003
793,2004
793,2005
793,2006
793,2007
793,2008
793,2009
793,2010
793,2011
795,2001
795,2002
795,2003
795,2004
795,2005
795,2006
795,2007
795,2008
795,2009
795,2010
795,2011
797,2001
797,2002
797,2003
797,2004
797,2005
797,2006
797,2007
797,2008
797,2009
797,2010
797,2011
798,2001
798,2002
798,2003
798,2004
798,2005
798,2006
798,2007
798,2008
798,2009
798,2010
798,2011
802,2001
802,2002
802,2003
802,2004
802,2005
802,2006
802,2007
802,2008
802,2009
802,2010
802,2011
803,2001
803,2002
803,2003
803,2004
803,2005
803,2006
803,2007
803,2008
803,2009
803,2010
803,2011
805,2001
805,2002
805,2003
805,2004
805,2005
805,2006
805,2007
805,2008
805,2009
805,2010
805,2011
806,2001
806,2002
806,2003
806,2004
806,2005
806,2006
806,2007
806,2008
806,2009
806,2010
806,2011
807,2001
807,2002
807,2003
807,2004
807,2005
807,2006
807,2007
807,2008
807,2009
807,2010
807,2011
808,2006
808,2007
808,2008
808,2009
808,2010
811,2001
811,2002
811,2003
811,2004
811,2005
811,2006
811,2007
811,2008
811,2009
811,2010
811,2011
813,2001
813,2002
813,2003
813,2004
813,2005
813,2006
813,2007
813,2008
813,2009
813,2010
813,2011
814,2001
814,2002
814,2003
814,2004
814,2005
814,2006
814,2007
814,2008
814,2009
814,2010
814,2011
816,2001
816,2002
816,2003
816,2004
816,2005
816,2006
816,2007
816,2008
816,2009
816,2010
816,2011
818,2001
818,2002
818,2003
818,2004
818,2005
818,2006
818,2007
818,2008
818,2009
818,2010
818,2011
819,2001
819,2002
819,2003
819,2004
819,2005
819,2006
819,2007
819,2008
819,2009
819,2010
819,2011
820,2001
820,2002
820,2003
820,2004
820,2005
820,2006
820,2007
820,2008
820,2009
820,2010
820,2011
822,2001
822,2002
822,2003
822,2004
822,2005
822,2006
822,2007
822,2008
822,2009
822,2010
822,2011
823,2001
823,2002
823,2003
823,2004
823,2005
823,2006
823,2007
823,2008
823,2009
823,2010
823,2011
825,2001
825,2002
825,2003
825,2004
825,2005
825,2006
825,2007
825,2008
825,2009
825,2010
825,2011
826,2001
826,2002
826,2003
826,2004
826,2005
826,2006
826,2007
826,2009
826,2010
826,2011
827,2001
827,2002
827,2003
827,2004
827,2005
827,2006
827,2007
827,2008
827,2009
827,2010
827,2011
828,2001
828,2002
828,2003
828,2004
828,2005
828,2006
828,2007
828,2008
828,2009
828,2010
828,2011
829,2001
829,2002
829,2003
829,2004
829,2005
829,2006
829,2007
829,2008
829,2009
829,2010
829,2011
830,2001
830,2002
830,2003
830,2004
830,2005
830,2006
830,2007
830,2008
830,2009
830,2010
830,2011
831,2001
831,2002
831,2003
831,2004
831,2005
831,2006
831,2007
831,2008
831,2009
831,2010
831,2011
833,2001
833,2002
833,2003
833,2004
833,2005
833,2006
833,2007
833,2008
833,2009
833,2010
833,2011
835,2001
835,2002
835,2003
835,2004
835,2005
835,2006
835,2007
835,2008
835,2009
835,2010
835,2011
836,2001
836,2002
836,2003
836,2004
836,2005
836,2006
836,2007
836,2008
836,2009
836,2010
836,2011
837,2001
837,2002
837,2003
837,2004
837,2005
837,2006
837,2007
837,2008
837,2009
837,2010
837,2011
838,2001
838,2002
838,2003
838,2004
838,2005
838,2006
838,2007
838,2008
838,2009
838,2010
838,2011
839,2001
839,2002
839,2003
839,2004
839,2005
839,2006
839,2007
839,2008
839,2009
839,2010
839,2011
840,2001
840,2002
840,2003
840,2004
840,2005
840,2006
840,2007
840,2008
840,2009
840,2010
840,2011
842,2001
842,2002
842,2003
842,2004
842,2005
842,2006
842,2007
842,2008
842,2009
842,2010
842,2011
843,2001
843,2002
843,2003
843,2004
843,2005
843,2006
843,2007
843,2008
843,2009
843,2010
843,2011
844,2001
844,2002
844,2003
844,2004
844,2005
844,2006
844,2007
844,2008
844,2009
844,2010
844,2011
845,2001
845,2002
845,2003
845,2004
845,2005
845,2006
845,2007
845,2008
845,2009
845,2010
845,2011
847,2001
847,2002
847,2003
847,2004
847,2005
847,2006
847,2007
847,2008
847,2009
847,2010
847,2011
849,2001
849,2002
849,2003
849,2004
849,2005
849,2006
849,2007
849,2008
849,2009
849,2010
849,2011
850,2001
850,2002
850,2003
850,2004
850,2005
850,2006
850,2007
850,2008
850,2009
850,2010
850,2011
852,2001
852,2002
852,2003
852,2004
852,2005
852,2006
852,2007
852,2008
852,2009
852,2010
852,2011
853,2001
853,2002
853,2003
853,2004
853,2005
853,2006
853,2007
853,2008
853,2009
853,2010
853,2011
854,2001
854,2002
854,2003
854,2004
854,2005
854,2006
854,2007
854,2008
854,2009
854,2010
854,2011
855,2001
855,2002
855,2003
855,2004
855,2005
855,2006
855,2007
855,2008
855,2009
855,2010
855,2011
857,2002
857,2003
857,2004
857,2005
857,2006
857,2007
857,2008
857,2009
857,2010
857,2011
858,2001
858,2002
858,2003
858,2004
858,2005
858,2006
858,2007
858,2008
858,2009
858,2010
858,2011
859,2001
859,2002
859,2003
859,2004
859,2005
859,2006
859,2007
859,2008
859,2009
859,2010
859,2011
860,2001
860,2002
860,2003
860,2004
860,2005
860,2006
860,2007
860,2008
860,2009
860,2010
860,2011
861,2001
861,2002
861,2003
861,2004
861,2005
861,2006
861,2007
861,2008
861,2009
861,2010
861,2011
862,2001
862,2002
862,2003
862,2004
862,2005
862,2006
862,2007
862,2008
862,2009
862,2010
862,2011
864,2001
864,2002
864,2003
864,2004
864,2005
864,2006
864,2007
864,2008
864,2009
864,2010
864,2011
865,2001
865,2002
865,2003
865,2004
865,2005
865,2006
865,2007
865,2008
865,2009
865,2010
865,2011
866,2001
866,2002
866,2003
866,2004
866,2005
866,2006
866,2007
866,2008
866,2009
866,2010
866,2011
867,2001
867,2002
867,2003
867,2004
867,2005
867,2006
867,2007
867,2008
867,2009
867,2010
867,2011
868,2001
868,2002
868,2003
868,2004
868,2005
868,2006
868,2007
868,2008
868,2009
868,2010
868,2011
869,2001
869,2002
869,2003
869,2004
869,2005
869,2006
869,2007
869,2008
869,2009
869,2010
869,2011
870,2001
870,2002
870,2003
870,2004
870,2005
870,2006
870,2007
870,2008
870,2009
870,2010
870,2011
871,2001
871,2002
871,2003
871,2004
871,2005
871,2006
871,2007
871,2008
871,2009
871,2010
871,2011
872,2001
872,2002
872,2003
872,2004
872,2005
872,2006
872,2007
872,2008
872,2009
872,2010
872,2011
874,2001
874,2002
874,2003
874,2004
874,2005
874,2006
874,2007
874,2008
874,2009
874,2010
874,2011
875,2001
875,2002
875,2003
875,2004
875,2005
875,2006
875,2007
875,2008
875,2009
875,2010
875,2011
876,2001
876,2002
876,2003
876,2004
876,2005
876,2006
876,2007
876,2008
876,2009
876,2010
876,2011
877,2001
877,2002
877,2003
877,2004
877,2005
877,2006
877,2007
877,2008
877,2009
877,2010
877,2011
878,2001
878,2002
878,2003
878,2004
878,2005
878,2006
878,2007
878,2008
878,2009
878,2010
878,2011
893,2001
893,2002
893,2003
893,2004
893,2005
893,2006
893,2007
893,2008
893,2009
893,2010
893,2011
895,2001
895,2002
895,2003
895,2004
895,2005
895,2006
895,2007
895,2008
895,2009
895,2010
895,2011
896,2000
896,2001
896,2002
896,2003
896,2004
896,2005
896,2006
896,2007
896,2008
896,2009
896,2010
896,2011
901,2001
901,2002
901,2003
901,2004
901,2005
901,2006
901,2007
901,2008
901,2009
901,2010
901,2011
902,2001
902,2002
902,2003
902,2004
902,2005
902,2006
902,2007
902,2008
902,2009
902,2010
902,2011
903,2001
903,2002
903,2003
903,2004
903,2005
903,2006
903,2007
903,2008
903,2009
903,2010
903,2011
904,2001
904,2002
904,2003
904,2004
904,2005
904,2006
904,2007
904,2008
904,2009
904,2010
904,2011
905,2001
905,2002
905,2003
905,2004
905,2005
905,2006
905,2007
905,2008
905,2009
905,2010
905,2011
906,2001
906,2002
906,2003
906,2004
906,2005
906,2006
906,2007
906,2008
906,2009
906,2010
906,2011
907,2006
907,2007
907,2008
907,2009
907,2010
907,2011
913,2001
913,2002
913,2003
913,2004
913,2005
913,2006
913,2007
913,2008
913,2009
913,2010
913,2011
914,2001
914,2002
914,2003
914,2004
914,2005
914,2006
914,2007
914,2008
914,2009
914,2010
914,2011
915,2001
915,2002
915,2003
915,2004
915,2005
915,2006
915,2007
915,2008
915,2009
915,2010
915,2011
916,2001
916,2002
916,2003
916,2004
916,2005
916,2006
916,2007
916,2008
916,2009
916,2010
916,2011
917,2001
917,2002
917,2003
917,2004
917,2005
917,2006
917,2007
917,2008
917,2009
917,2010
917,2011
918,2001
918,2002
918,2003
918,2004
918,2005
918,2006
918,2007
918,2008
918,2009
918,2010
918,2011
919,2001
919,2002
919,2003
919,2004
919,2005
919,2006
919,2007
919,2008
919,2009
919,2010
919,2011
921,2001
921,2002
921,2003
921,2004
921,2005
921,2006
921,2007
921,2008
921,2009
921,2010
921,2011
922,2001
922,2002
922,2003
922,2004
922,2005
922,2006
922,2007
922,2008
922,2009
922,2010
922,2011
923,2000
923,2001
923,2003
923,2004
923,2005
923,2006
923,2007
923,2008
923,2009
923,2010
923,2011
924,2001
924,2002
924,2003
924,2004
924,2005
924,2006
924,2007
924,2008
924,2009
924,2010
924,2011
926,2002
926,2003
926,2004
926,2005
926,2006
926,2007
926,2008
926,2009
926,2010
926,2011
927,2001
927,2002
927,2003
927,2004
927,2005
927,2006
927,2007
927,2008
927,2009
927,2010
927,2011
929,2001
929,2002
929,2003
929,2004
929,2005
929,2006
929,2007
929,2008
929,2009
929,2010
929,2011
930,2001
930,2002
930,2003
930,2004
930,2005
930,2006
930,2007
930,2008
930,2009
930,2010
930,2011
931,2001
931,2002
931,2003
931,2004
931,2005
931,2006
931,2007
931,2008
931,2009
931,2010
931,2011
932,2001
932,2002
932,2003
932,2004
932,2005
932,2006
932,2007
932,2008
932,2009
932,2010
932,2011
933,2001
933,2002
933,2003
933,2004
933,2005
933,2006
933,2007
933,2008
933,2009
933,2010
933,2011
934,2001
934,2002
934,2003
934,2004
934,2005
934,2006
934,2007
934,2008
934,2009
934,2010
934,2011
935,2001
935,2002
935,2003
935,2004
935,2005
935,2006
935,2007
935,2008
935,2009
935,2010
935,2011
936,2001
936,2002
936,2003
936,2004
936,2005
936,2006
936,2007
936,2008
936,2009
936,2010
936,2011
937,2001
937,2002
937,2003
937,2004
937,2005
937,2006
937,2007
937,2008
937,2009
937,2010
937,2011
938,2001
938,2002
938,2003
938,2004
938,2005
938,2006
938,2007
938,2008
938,2009
938,2010
938,2011
939,2001
939,2002
939,2003
939,2004
939,2005
939,2006
939,2007
939,2008
939,2009
939,2010
939,2011
940,1999
940,2000
940,2001
940,2002
940,2003
940,2004
940,2005
940,2006
940,2007
940,2008
940,2009
940,2010
940,2011
944,2001
944,2002
944,2003
944,2004
944,2005
944,2006
944,2007
944,2008
944,2009
944,2010
944,2011
969,2001
969,2002
969,2003
969,2004
969,2005
969,2006
969,2007
969,2008
969,2009
969,2010
969,2011
970,2001
970,2002
970,2003
970,2004
970,2005
970,2006
970,2007
970,2008
970,2009
970,2010
970,2011
971,2000
971,2001
971,2002
971,2003
971,2004
971,2005
971,2006
971,2007
971,2008
971,2009
971,2010
971,2011
972,2000
972,2001
972,2002
972,2003
972,2004
972,2005
972,2006
972,2007
972,2008
972,2009
972,2010
972,2011
978,2000
978,2001
978,2002
978,2003
978,2004
978,2005
978,2006
978,2007
978,2008
978,2009
978,2010
978,2011
979,2002
979,2003
979,2004
979,2005
979,2006
979,2007
979,2008
979,2009
979,2010
979,2011
981,2002
981,2003
981,2004
981,2005
981,2006
981,2007
981,2008
981,2009
981,2010
981,2011
982,2001
982,2002
982,2003
982,2004
982,2005
982,2006
982,2007
982,2008
982,2009
982,2010
982,2011
983,2001
983,2002
983,2003
983,2004
983,2005
983,2006
983,2007
983,2008
983,2009
983,2010
983,2011
988,2001
988,2002
988,2003
988,2004
988,2005
988,2006
988,2007
988,2008
988,2009
988,2010
988,2011
989,2001
989,2002
989,2003
989,2004
989,2005
989,2006
989,2007
989,2008
989,2009
989,2010
989,2011
